0,47,120
0,49,176
0,58,191
0,97,129
0,135,109
0,160,108
1,19,37
1,51,101
1,68,31
1,75,77
1,97,158
1,102,171
1,168,28
1,172,29
1,200,156
2,7,57
2,14,60
2,17,5
2,19,139
2,84,21
2,145,116
2,159,9
3,9,9
3,130,198
4,77,1
4,100,20
4,119,40
4,159,107
5,23,86
5,53,197
5,73,24
5,119,15
5,188,188
6,30,25
6,59,33
6,125,191
6,145,63
6,194,152
7,8,67
7,52,112
7,129,143
7,132,180
7,154,116
7,172,76
8,8,84
8,174,15
9,75,114
9,130,21
10,39,88
10,61,132
10,160,162
10,187,170
11,8,174
11,14,191
11,76,48
11,79,127
11,111,103
11,146,94
12,18,57
12,27,7
12,34,172
12,80,128
12,93,143
12,160,156
13,19,111
13,77,102
13,156,144
14,7,105
14,41,81
14,67,93
14,77,145
14,138,44
14,180,55
15,20,156
15,42,154
15,117,133
15,120,130
15,142,65
15,145,160
15,155,145
15,185,85
16,2,103
16,54,88
16,75,70
16,115,98
16,189,125
17,79,142
17,198,71
18,3,142
18,116,47
18,160,65
18,180,145
18,191,170
19,86,32
19,102,41
19,124,39
19,157,171
19,177,22
19,179,50
20,3,173
20,128,42
20,135,28
20,158,170
21,97,9
21,119,38
21,123,200
21,160,80
22,7,195
22,33,99
22,38,169
22,147,75
22,148,27
23,35,87
23,46,105
23,178,67
23,183,60
24,70,33
24,178,40
24,187,131
25,116,125
25,134,70
25,172,11
25,195,86
25,196,158
26,76,143
26,101,196
26,114,164
26,117,107
26,182,121
27,13,34
27,51,112
27,53,16
27,95,163
27,116,118
27,180,184
27,181,100
27,195,61
28,112,67
28,121,25
28,139,71
28,155,33
28,191,12
29,2,132
29,26,18
29,82,85
29,95,127
29,112,140
29,152,187
29,155,186
29,195,112
30,76,175
30,110,98
30,146,37
31,118,139
31,129,119
31,139,69
32,2,192
32,40,61
32,65,182
32,117,47
32,148,20
32,166,193
32,191,125
33,59,180
33,60,66
33,77,61
33,81,178
33,115,152
33,121,54
34,99,183
35,84,133
35,110,90
35,146,103
35,191,65
36,48,131
36,66,197
37,27,114
37,101,56
37,142,71
37,144,93
38,103,126
38,110,50
38,136,5
40,37,54
40,97,99
40,121,93
40,139,144
40,140,100
40,193,100
41,43,200
41,67,189
41,75,200
41,79,87
42,8,104
42,52,160
42,117,184
42,158,111
42,184,182
43,8,133
43,23,154
43,50,186
43,94,92
43,104,20
43,131,189
43,167,197
43,182,93
43,183,189
43,194,22
44,88,59
44,97,177
44,109,119
44,141,17
45,53,180
46,39,188
46,40,151
46,52,146
47,7,171
47,47,73
47,62,67
47,175,20
48,15,144
48,50,117
48,55,29
48,102,4
48,111,54
49,43,167
49,55,99
49,70,31
49,148,34
49,183,98
50,26,106
50,36,179
50,60,168
50,69,65
50,86,98
50,98,158
50,156,19
50,161,56
50,174,88
51,46,190
51,177,60
51,179,129
51,200,124
52,0,70
52,83,167
52,95,135
52,108,164
52,133,135
52,149,85
53,5,187
53,55,171
53,60,46
53,92,133
53,103,116
53,147,86
53,165,73
53,172,32
53,198,52
54,71,51
54,98,65
54,104,72
54,179,112
54,182,75
55,13,100
55,87,105
55,124,50
55,126,169
55,131,84
56,129,102
56,196,152
57,77,92
57,101,28
57,105,196
57,130,182
57,179,24
58,8,73
58,19,181
58,33,125
58,35,18
58,66,22
58,80,32
58,81,180
58,122,141
58,128,80
58,146,121
58,152,163
58,163,160
58,165,183
58,194,19
59,8,148
59,21,128
59,30,179
59,107,199
59,112,181
59,125,72
59,140,158
59,146,182
59,157,16
60,4,73
60,10,29
60,45,173
60,56,9
60,91,118
60,197,31
61,10,170
61,96,9
61,128,13
61,142,195
61,159,137
61,165,21
61,183,115
62,32,186
62,82,20
62,105,98
62,126,169
62,197,67
63,49,148
63,50,74
63,65,102
63,69,45
63,98,97
63,103,107
63,116,10
63,178,107
63,187,98
64,4,76
64,30,176
64,57,41
64,113,139
65,5,192
65,197,30
66,17,76
66,58,80
66,115,131
66,127,12
66,144,127
67,91,10
67,111,160
67,128,43
67,129,130
67,130,141
67,138,75
67,147,80
67,172,72
68,8,26
68,94,56
68,140,194
68,195,142
69,27,196
69,33,198
69,184,198
70,16,34
70,54,180
70,104,191
70,174,57
71,105,58
71,133,44
71,170,90
72,17,68
72,27,4
72,158,39
72,169,54
73,38,133
73,46,178
73,68,26
73,96,23
73,106,143
73,132,60
73,151,133
73,155,97
73,165,91
74,20,93
74,132,66
75,14,187
75,30,100
75,45,13
75,84,32
75,105,125
75,126,7
75,191,192
76,35,157
76,143,152
77,87,58
77,140,168
78,65,98
78,78,50
78,93,37
79,39,28
79,120,127
79,160,133
79,161,155
80,41,183
80,44,14
80,102,108
80,131,9
80,193,75
81,1,195
81,170,183
81,176,17
82,7,18
82,12,128
82,19,92
82,36,40
82,62,142
82,71,52
83,9,66
83,63,142
83,122,108
84,36,45
84,43,41
84,101,57
84,139,95
84,151,45
85,35,124
85,77,62
85,163,113
85,192,167
87,12,64
87,24,40
87,58,22
87,79,144
87,112,153
87,116,61
87,134,189
87,140,196
87,144,74
87,165,200
88,51,188
88,68,77
88,124,104
88,183,169
89,30,36
89,47,179
89,51,186
89,92,87
89,114,161
89,115,29
89,150,164
89,182,179
89,199,148
90,6,80
90,114,10
90,197,96
91,33,74
91,37,62
91,65,114
91,133,44
92,24,12
92,46,12
92,90,184
92,189,109
93,17,138
93,23,16
93,28,101
93,53,85
93,55,7
93,62,90
93,83,115
93,98,76
93,154,3
93,161,193
93,196,63
94,5,62
94,31,27
94,121,99
94,149,65
94,194,164
95,13,184
95,106,191
95,113,133
95,127,76
95,148,186
95,156,127
96,4,181
96,19,165
96,66,200
96,72,166
96,79,153
96,197,174
97,32,154
97,122,153
97,183,184
97,191,157
98,88,175
98,132,187
99,18,140
99,22,161
99,117,47
100,30,110
100,61,80
100,65,112
100,123,198
101,72,185
101,124,102
101,135,141
102,16,142
102,22,152
102,48,155
102,132,136
103,1,2
103,74,82
103,94,167
103,139,4
103,143,131
103,164,156
104,84,88
104,120,197
104,141,152
104,166,84
105,106,154
105,159,36
105,170,166
105,180,3
105,195,159
106,39,42
106,59,191
106,71,138
106,99,118
106,102,163
106,142,77
107,31,150
107,38,161
107,39,39
107,47,16
107,85,159
107,161,24
107,168,113
107,171,147
108,9,140
108,58,145
108,82,19
108,117,5
108,125,95
108,129,102
108,133,197
108,148,137
108,188,43
109,0,24
109,56,173
109,59,121
109,187,48
110,18,117
110,47,13
110,85,176
111,23,33
111,38,199
111,42,1
111,51,92
111,140,85
112,2,73
112,5,75
112,17,48
112,38,124
112,57,79
112,108,46
113,11,174
113,121,149
113,148,55
113,149,52
113,178,109
113,185,142
114,26,11
114,62,155
114,75,83
114,77,152
114,91,134
114,136,160
115,116,4
115,153,64
115,182,14
116,14,56
116,57,87
116,64,123
116,120,39
116,147,8
116,167,143
116,170,149
116,190,94
117,26,95
117,26,107
117,98,113
117,119,186
117,180,71
117,188,55
118,1,89
118,17,137
118,26,176
118,28,196
118,72,25
118,130,154
119,51,116
119,98,133
119,162,100
119,163,26
119,188,71
119,198,140
120,21,101
120,85,87
120,112,182
120,141,65
120,152,114
120,174,67
121,60,82
121,83,109
121,89,42
121,129,171
121,168,65
121,169,109
122,1,191
122,36,51
122,75,194
122,107,12
123,0,96
123,42,72
123,60,92
123,75,16
123,76,174
123,112,176
123,116,1
123,144,196
123,146,107
124,35,94
124,40,77
124,50,130
124,56,185
124,198,65
125,82,57
125,108,74
125,109,112
125,142,130
126,7,14
126,32,62
126,88,124
126,114,168
126,128,74
127,77,124
127,96,69
128,106,198
129,185,13
130,35,39
131,119,150
132,79,34
133,197,18
134,22,36
135,41,71
136,26,44
137,172,169
138,128,68
139,77,58
140,187,76
141,43,115
142,199,174
143,24,26
144,21,44
145,170,1
146,151,55
147,45,118
148,3,108
149,29,26
150,179,197
151,163,18
152,18,176
153,197,167
154,196,7
155,178,30
156,73,158
157,148,100
158,59,28
159,173,81
160,112,115
161,147,14
162,4,38
163,69,81
164,90,107
165,191,44
166,192,128
167,152,22
168,161,147
169,88,189
170,79,19
171,8,190
172,196,200
173,194,157
174,64,160
175,123,74
176,55,181
177,77,63
178,171,197
179,73,19
180,165,141
181,128,129
182,160,36
183,169,161
185,180,86
186,115,75
187,182,186
188,165,200
189,174,125
190,181,112
191,143,145
192,0,29
193,19,12
194,125,193
195,168,43
196,122,1
197,139,121
198,65,62
199,190,133
200,90,118
