204,18,303
1,358,204
390,454,12
63,295,342
75,471,28
499,13,297
123,97,95
10,51,397
88,440,88
256,155,193
489,293,91
243,414,452
127,372,368
468,234,414
190,456,373
6,255,415
98,207,306
466,306,202
350,10,219
430,262,87
16,339,249
247,119,244
476,404,12
81,141,190
32,465,60
173,141,349
438,376,481
463,389,478
83,407,171
334,413,491
482,430,156
330,92,164
402,151,498
122,94,385
94,208,3
69,87,0
90,158,258
218,450,52
426,22,326
139,261,124
58,39,353
22,324,26
218,96,222
326,138,197
412,378,364
351,435,241
195,114,465
42,22,194
254,310,464
330,480,403
66,144,378
101,394,199
291,431,379
468,34,213
483,350,307
114,304,57
377,177,46
223,418,61
376,330,483
206,327,333
192,346,392
358,58,49
181,449,454
413,442,183
125,295,134
233,2,19
93,264,159
354,398,494
288,259,118
160,146,431
76,49,115
78,496,362
64,68,495
271,28,180
236,365,173
380,165,118
58,94,361
479,478,496
126,72,59
196,289,455
383,142,46
403,241,206
242,124,350
69,406,242
238,56,277
166,17,393
423,292,362
95,394,205
79,13,351
341,312,359
421,183,278
190,49,166
173,297,345
317,418,232
81,461,415
401,221,354
57,437,100
320,399,30
410,169,308
224,460,408
499,170,129
176,240,191
41,96,420
213,231,83
29,30,329
241,36,90
255,137,388
221,421,233
148,15,301
108,462,126
5,2,67
420,187,167
291,362,343
86,341,300
470,180,344
394,8,10
56,437,68
304,152,160
309,236,354
442,49,135
262,221,406
459,57,212
157,387,340
282,434,59
116,316,95
475,17,17
40,347,464
76,200,394
120,26,160
413,444,339
68,179,206
389,288,474
156,467,308
479,396,152
118,288,95
263,438,81
498,330,412
197,352,240
323,58,200
296,426,283
59,6,55
63,416,396
157,484,60
38,383,33
405,67,376
449,83,402
138,456,457
82,397,380
407,238,313
322,476,21
100,47,323
138,466,175
259,269,424
13,499,407
4,72,9
119,303,297
339,473,144
217,220,128
173,484,1
336,81,458
16,14,29
121,39,433
233,307,110
153,366,204
374,167,73
169,358,93
371,289,440
404,361,345
494,396,439
444,215,391
164,296,68
350,57,268
19,417,171
195,235,326
17,26,408
42,19,218
442,168,164
265,309,67
398,391,394
83,495,412
273,83,182
9,116,242
369,321,484
375,162,175
316,456,128
138,247,356
190,76,383
369,471,428
275,73,34
455,254,188
426,110,230
396,367,382
232,24,395
108,262,295
392,40,167
409,83,305
391,473,82
120,247,391
371,151,129
176,451,405
1,247,67
20,34,409
242,438,436
199,374,300
244,298,170
64,455,304
435,7,217
496,222,53
20,42,68
258,473,151
303,49,246
477,102,459
175,224,77
469,56,420
279,378,87
254,371,477
388,410,162
356,72,387
35,11,140
491,331,40
3,137,0
328,115,22
0,154,438
455,114,327
132,265,152
14,186,183
348,358,213
361,335,99
381,280,213
394,398,401
62,106,100
111,82,144
19,428,499
234,297,124
394,448,137
446,96,479
434,287,194
423,212,285
491,393,208
393,68,142
114,101,76
200,244,166
3,199,26
265,461,375
128,481,240
196,181,374
19,214,306
345,371,389
60,165,300
49,32,312
447,408,207
174,330,373
190,420,393
108,84,465
266,116,183
68,450,256
485,101,69
307,379,181
259,478,93
77,269,53
281,226,19
59,443,177
334,462,174
242,157,227
113,11,460
338,156,483
498,471,297
16,179,265
268,214,364
456,35,130
174,422,40
299,121,430
297,1,122
211,413,100
379,320,493
447,313,496
270,443,225
344,406,322
120,385,18
42,24,42
478,115,63
11,401,315
138,59,273
490,125,367
151,166,279
23,232,306
280,20,219
368,170,81
66,311,225
39,40,307
404,20,326
28,13,74
231,342,293
13,491,317
212,75,95
460,112,5
198,463,210
224,251,122
311,46,170
328,4,394
467,490,188
322,139,470
311,368,163
404,8,205
390,201,121
366,438,301
119,421,327
251,54,332
431,213,466
409,479,229
195,443,203
451,328,248
349,468,98
464,384,5
329,357,96
298,299,321
43,135,140
418,99,329
448,314,450
384,348,107
35,476,237
441,479,222
19,70,208
367,432,147
483,349,334
343,248,377
362,384,291
68,111,86
490,17,168
319,445,409
21,301,352
383,199,85
19,75,82
421,36,102
411,29,375
427,339,229
346,366,295
159,201,194
320,448,376
0,270,258
100,198,225
290,184,338
320,43,208
374,161,120
125,374,118
449,25,121
246,197,6
335,441,105
418,215,210
257,489,357
459,97,14
485,91,62
373,436,0
351,310,259
272,266,351
430,422,428
376,461,485
222,340,6
408,47,9
356,38,479
361,157,118
413,156,432
132,77,13
433,75,240
452,114,282
145,407,134
162,126,209
464,153,368
432,39,245
412,91,225
76,436,264
3,0,22
169,132,472
275,102,66
314,71,51
402,241,485
107,183,182
242,95,71
446,496,51
49,490,326
63,71,464
223,47,439
316,391,81
106,91,449
215,430,311
195,54,273
319,324,360
180,30,17
223,188,280
244,159,412
57,390,170
175,221,247
224,34,466
9,406,56
277,321,399
342,17,277
477,193,477
352,486,249
339,191,117
384,158,414
497,273,58
51,264,204
149,351,392
448,450,11
397,223,329
417,68,349
133,285,58
467,482,475
438,247,112
191,448,439
189,177,425
267,239,291
300,1,182
16,416,327
100,26,449
230,324,340
285,19,321
107,250,452
188,383,298
30,265,6
168,472,441
149,279,247
110,95,446
354,452,299
138,61,293
426,47,51
482,214,461
141,16,374
440,314,385
339,368,356
114,60,494
321,94,70
400,144,354
266,255,494
489,237,499
486,148,443
462,409,243
255,6,142
102,466,494
182,214,355
26,0,188
180,470,285
228,160,466
262,216,397
355,7,27
392,400,413
190,396,159
483,2,116
211,423,352
373,288,408
279,247,181
451,246,91
11,347,166
380,246,154
6,104,113
99,260,278
447,206,253
82,377,19
388,119,316
407,309,25
23,332,39
88,54,427
236,161,346
489,309,216
413,459,174
150,154,472
306,98,214
326,59,32
90,287,477
454,145,266
405,103,6
69,299,428
283,416,31
101,434,81
205,378,325
350,312,44
421,268,397
344,283,292
67,211,486
493,269,164
418,345,260
350,470,77
28,253,338
20,414,368
283,284,278
197,271,122
166,226,315
476,11,441
140,428,314
159,470,439
420,301,303
71,271,119
23,111,475
390,486,426
461,402,79
415,183,421
380,299,150
227,395,284
154,387,459
251,419,15
94,230,437
117,420,13
177,222,484
202,407,223
10,115,356
326,427,220
174,290,486
34,35,73
10,12,435
488,242,248
482,324,261
402,409,324
49,126,214
102,373,439
407,216,12
141,44,397
366,276,293
1,471,370
462,389,119
56,10,191
236,228,447
498,191,67
384,486,346
442,211,392
471,355,34
54,430,92
484,446,370
86,228,120
421,452,225
282,175,259
255,216,164
410,151,484
381,489,2
388,243,98
450,156,270
412,449,71
210,494,132
223,31,100
201,281,282
39,82,98
361,3,409
275,156,15
97,355,323
451,74,89
24,61,94
129,237,363
144,417,151
498,137,337
298,153,98
323,441,432
481,161,226
162,241,396
139,314,213
99,144,315
50,381,29
236,456,168
473,56,402
59,177,1
238,111,26
401,92,418
173,294,456
104,97,82
259,43,69
383,279,183
289,144,52
64,126,174
198,357,289
203,201,1
403,289,199
411,280,235
79,294,156
477,309,459
299,177,311
25,329,487
188,28,449
373,192,398
479,368,279
195,330,248
39,163,439
466,444,2
112,208,283
235,425,413
147,110,356
497,252,309
333,197,339
378,93,123
92,136,269
445,359,207
355,398,121
469,444,223
410,423,237
161,16,90
127,396,6
280,439,116
448,275,220
202,497,212
244,127,446
136,410,185
374,497,121
19,262,136
314,376,232
344,283,80
437,405,260
15,431,402
213,287,485
375,498,32
392,131,359
447,156,192
135,109,57
300,219,18
444,186,105
474,462,498
139,258,247
406,47,216
445,76,161
274,132,469
487,206,494
243,453,204
316,307,404
420,187,133
478,150,497
1,321,284
289,120,373
67,26,412
8,338,76
37,219,385
396,385,295
318,466,135
215,442,398
425,50,282
473,119,5
432,30,204
314,150,191
492,12,199
377,99,207
422,273,182
76,303,439
248,302,256
385,368,1
113,464,410
343,248,365
232,145,153
339,175,492
469,342,327
321,378,146
147,208,319
166,451,112
62,475,324
288,312,313
422,329,241
152,382,129
201,81,5
190,103,112
106,27,144
90,8,307
312,307,433
155,250,434
303,318,109
497,459,493
319,24,128
174,313,151
10,10,142
368,113,39
243,212,238
279,256,93
324,487,136
413,51,448
18,354,371
471,367,169
300,45,389
430,335,266
95,113,488
27,2,295
318,320,309
312,25,424
468,137,67
340,248,28
91,246,487
228,498,394
450,2,371
60,249,305
147,269,462
26,294,297
6,397,381
14,445,196
193,390,389
242,396,7
422,159,440
92,346,6
49,160,452
358,109,258
427,135,287
49,85,145
419,307,229
178,106,37
110,24,217
461,22,174
0,471,324
276,138,127
298,415,308
140,106,111
220,12,47
339,296,427
453,235,323
136,443,434
372,364,386
359,453,262
227,279,463
77,448,393
61,440,79
136,203,291
220,54,250
92,31,474
221,249,111
200,38,170
253,114,332
79,200,103
85,391,217
316,409,476
11,354,58
287,254,359
65,493,10
19,98,167
16,18,495
303,437,248
61,323,70
56,217,260
487,354,217
421,207,489
77,77,421
77,7,188
59,167,215
213,444,85
371,33,284
173,286,116
276,335,63
449,347,143
424,428,389
217,194,44
161,3,267
312,194,261
390,243,132
436,432,79
494,437,140
59,250,319
314,229,236
288,299,127
219,188,469
462,172,183
155,489,396
473,161,496
250,417,482
356,228,355
253,36,32
379,294,455
199,258,418
189,205,212
467,112,426
305,87,135
193,70,23
326,460,423
413,289,153
330,95,420
360,171,6
352,430,147
126,206,110
36,295,469
298,331,366
194,53,85
44,402,84
420,436,216
187,173,71
412,491,256
1,277,214
8,58,450
171,473,445
197,203,240
244,160,397
1,216,332
411,264,209
196,181,74
194,320,276
312,472,481
235,390,12
184,102,410
271,206,209
92,493,158
43,322,382
35,333,13
226,226,321
379,465,364
272,92,151
108,232,23
12,303,207
389,280,197
378,194,214
273,14,209
152,155,301
463,49,349
73,32,458
260,182,253
406,392,141
397,396,402
253,239,379
275,257,86
254,113,473
139,374,51
467,16,313
422,378,338
313,435,374
450,10,114
34,274,485
336,136,483
162,488,403
442,180,256
59,142,409
242,236,489
225,95,53
241,108,337
145,303,389
57,57,191
225,271,262
94,309,205
160,220,204
80,404,318
476,287,167
352,341,314
97,181,259
434,130,327
186,294,27
463,121,258
64,379,91
233,137,322
207,366,27
141,346,296
255,214,3
339,486,299
170,339,424
46,18,3
331,384,429
275,167,153
435,454,388
249,100,475
360,157,27
24,7,437
120,486,261
343,4,1
360,66,212
199,464,280
472,47,12
262,431,467
489,329,269
390,333,242
492,465,30
91,476,295
134,2,330
129,108,311
200,48,213
58,371,468
389,35,326
45,88,406
499,257,326
295,472,114
291,318,392
75,375,109
311,238,386
58,8,224
384,60,178
209,169,195
40,392,283
388,407,86
485,423,269
363,197,356
155,41,302
361,138,457
300,413,120
490,348,426
499,209,95
186,256,351
164,200,14
245,495,78
180,137,354
151,409,212
66,399,359
76,146,214
32,352,208
398,490,314
456,82,81
3,336,183
408,419,354
215,120,177
285,13,145
59,462,420
75,499,138
256,180,22
494,194,329
266,72,137
330,439,270
145,464,106
156,177,98
200,290,402
180,403,484
158,265,348
207,59,163
318,389,235
57,347,300
289,425,200
295,424,220
368,394,461
391,305,221
287,195,379
266,198,454
174,304,331
229,435,87
228,294,272
173,245,435
297,410,483
424,258,117
290,323,421
160,272,338
230,171,333
451,420,312
222,32,456
398,43,32
128,103,114
463,421,184
89,414,353
458,120,115
492,147,455
276,68,52
415,198,236
281,292,422
402,369,52
15,20,437
471,360,32
136,410,222
197,334,75
385,294,66
187,144,115
473,63,134
222,265,478
85,175,223
383,339,225
222,470,484
249,369,61
379,275,112
373,471,0
78,244,161
405,55,253
309,441,453
11,95,230
193,160,341
183,158,150
239,414,229
377,14,13
11,188,221
124,236,196
278,337,316
367,234,277
241,302,225
111,281,98
125,330,246
418,117,332
205,286,465
493,199,141
413,151,371
48,47,188
152,14,367
222,289,384
379,124,344
186,428,77
349,217,332
250,458,48
377,226,320
242,414,313
296,234,77
123,27,473
237,170,147
430,283,350
456,315,133
426,344,329
42,296,88
438,429,175
123,498,413
369,368,382
134,307,236
15,10,421
81,356,167
302,19,323
312,389,354
497,371,140
185,82,99
498,286,7
80,60,54
380,69,329
448,182,256
282,74,469
297,457,137
168,112,390
307,26,348
200,46,405
23,294,335
150,148,97
448,399,401
250,339,413
109,266,345
63,305,199
80,124,16
491,58,69
181,175,302
323,154,105
404,395,103
343,193,461
32,463,241
399,307,405
174,310,166
72,326,360
281,433,197
220,185,351
112,280,282
416,374,489
422,469,133
236,311,59
357,142,310
378,250,202
87,80,275
387,331,411
24,449,155
429,92,469
455,45,128
484,470,238
265,137,273
248,416,351
44,495,321
263,36,20
54,280,488
360,418,284
159,371,370
454,461,486
150,62,190
405,57,385
74,96,156
100,61,106
162,264,2
107,450,470
485,463,205
49,384,456
79,449,192
221,392,440
140,85,400
420,134,179
384,260,197
264,199,283
20,471,222
291,289,418
385,248,226
77,200,2
484,136,237
229,274,35
83,2,475
141,328,131
327,99,348
11,372,322
482,253,353
172,357,249
236,400,156
17,125,72
234,493,451
493,22,285
183,410,294
105,436,355
135,243,206
9,105,316
311,91,189
429,275,199
25,353,276
375,152,440
360,203,363
293,235,279
480,257,272
454,205,443
467,139,337
247,485,209
316,419,417
454,4,474
105,33,221
375,444,292
85,211,473
169,40,43
133,433,44
400,378,476
153,462,30
340,378,44
46,303,20
366,160,268
323,45,380
94,34,308
174,282,455
56,310,224
145,229,16
384,215,332
364,338,106
157,235,342
170,322,360
488,69,11
89,177,338
430,1,255
358,227,271
278,17,132
310,75,321
202,309,427
435,239,294
309,91,161
486,202,492
361,491,118
312,133,223
104,40,492
49,386,117
200,338,271
305,306,402
298,492,470
164,139,41
350,368,282
252,392,213
236,190,401
400,218,297
33,476,302
43,417,58
321,298,471
109,371,446
160,256,488
162,198,381
16,105,369
38,95,81
64,214,215
63,229,133
197,207,301
405,130,373
255,186,66
497,225,313
18,479,24
234,387,232
205,155,348
498,427,169
270,371,365
377,332,330
186,212,165
114,211,297
188,291,107
364,383,227
69,229,437
438,203,98
426,430,291
90,478,94
338,375,45
46,457,143
122,256,0
139,339,335
375,33,182
62,89,328
130,31,359
466,39,457
29,106,9
499,60,392
112,148,64
446,274,100
326,408,490
494,371,276
44,193,427
185,281,468
300,303,329
457,336,348
489,209,281
329,216,227
49,3,98
467,218,257
83,480,271
288,63,122
442,226,478
368,41,32
483,174,193
223,454,246
414,166,491
126,225,111
331,62,429
131,469,357
347,100,134
375,81,322
390,485,430
142,259,81
440,431,204
124,496,118
391,225,419
490,404,220
23,184,258
126,108,186
193,344,101
119,146,331
207,39,466
443,379,42
313,99,413
394,460,45
481,63,119
275,231,37
84,11,200
233,297,252
499,482,497
298,294,215
370,200,172
107,196,440
425,496,198
119,270,56
65,439,232
222,93,183
484,318,88
311,220,413
308,194,180
364,234,269
411,386,40
289,227,345
499,44,152
222,416,192
305,230,290
21,368,127
347,478,168
423,268,244
294,23,199
203,50,299
147,170,284
454,203,362
337,178,444
226,175,150
181,414,250
176,137,2
67,470,92
171,474,84
119,29,499
137,98,400
398,184,108
325,21,478
479,387,116
241,26,80
247,451,248
402,63,217
490,272,478
135,64,198
363,3,170
412,227,414
330,248,422
178,147,318
317,498,427
377,311,339
122,292,384
29,248,195
394,282,130
409,152,111
278,236,66
26,436,295
466,99,297
463,181,491
33,421,53
306,57,384
299,148,292
372,290,137
175,394,162
267,257,66
352,181,156
212,303,489
250,264,380
182,172,306
23,157,425
481,181,466
464,87,458
120,403,2
436,33,376
462,315,399
146,164,489
477,317,491
50,338,359
237,140,101
267,436,16
212,468,228
101,403,260
482,458,134
51,407,328
147,19,284
450,407,313
357,176,403
5,160,408
123,12,27
411,118,83
134,381,194
241,180,476
235,317,366
403,55,378
215,456,202
327,311,270
95,235,286
169,347,368
435,428,304
52,50,217
315,186,83
153,160,465
255,75,184
171,122,295
126,81,258
109,13,358
187,243,370
24,75,172
485,422,465
430,79,444
142,366,283
361,188,329
437,119,143
218,425,482
398,128,236
226,224,18
347,67,57
6,441,415
111,68,338
483,305,298
393,68,455
94,462,237
80,147,3
57,441,341
14,450,291
321,353,281
465,249,141
30,236,222
295,29,396
90,268,59
0,301,401
295,349,152
297,144,67
265,383,267
330,76,299
139,416,490
88,481,29
388,448,175
440,171,461
405,113,98
329,26,369
186,153,485
120,301,234
199,126,138
129,222,372
334,181,165
490,180,138
7,312,368
333,74,154
461,255,180
361,240,308
116,68,265
30,243,151
229,267,263
240,131,280
186,164,56
226,88,296
346,91,110
97,52,407
175,425,449
381,21,170
188,269,281
42,15,96
77,200,243
151,322,413
167,293,66
489,482,100
204,311,380
463,463,146
490,85,258
190,357,170
37,314,49
129,73,358
459,410,2
433,117,54
110,402,346
91,446,289
420,50,61
270,479,65
309,205,340
465,91,172
236,23,91
474,4,94
49,121,89
213,234,384
273,68,437
211,124,67
495,283,390
356,23,485
85,229,189
331,263,123
182,220,371
211,296,494
61,346,335
490,49,248
254,135,408
373,265,250
198,281,349
91,227,282
39,105,404
477,59,429
131,197,247
217,396,144
467,70,0
300,132,461
208,129,142
367,194,97
249,118,302
349,131,380
340,432,31
233,468,299
37,337,220
329,350,467
238,155,201
154,232,391
24,347,253
485,341,452
246,293,444
348,311,66
358,103,93
391,180,233
31,459,350
456,389,433
443,471,77
211,414,286
331,130,408
91,472,403
436,110,106
496,476,418
58,93,457
205,250,282
475,486,27
339,96,214
376,107,487
320,186,442
149,30,251
426,306,6
2,489,318
393,164,402
396,428,61
261,137,472
210,224,318
52,435,33
11,162,107
334,80,23
32,209,54
98,260,84
339,67,313
44,108,193
253,351,432
252,351,147
257,453,346
471,38,266
324,385,116
214,426,26
487,319,63
259,330,77
8,273,468
74,24,347
21,189,88
387,23,193
16,359,366
184,314,475
416,40,197
149,499,285
159,255,361
256,255,241
381,441,53
23,463,260
32,100,82
451,375,54
171,460,269
52,35,313
206,42,54
170,418,407
79,242,208
22,4,315
137,131,50
268,189,120
46,316,243
36,43,85
4,121,367
423,233,255
45,444,290
221,34,125
91,387,65
431,222,121
1,291,188
308,118,491
17,407,339
335,4,142
294,45,232
18,99,318
244,12,36
173,293,421
34,45,221
39,296,294
273,198,425
377,104,233
156,354,324
168,48,56
387,92,378
277,135,323
291,271,258
299,247,47
164,221,464
128,214,380
169,76,9
432,294,464
382,142,165
6,109,224
155,416,188
479,149,234
244,7,407
57,364,259
486,72,227
252,298,385
77,85,95
85,25,319
245,272,397
343,420,341
3,357,50
274,8,342
375,320,77
470,139,393
217,44,278
22,130,477
222,5,147
332,211,50
303,255,491
202,469,455
138,332,355
497,3,34
310,314,217
11,228,141
483,481,357
348,35,123
260,341,183
270,326,78
100,169,121
433,355,493
478,178,54
218,249,247
40,93,210
15,355,99
10,22,359
197,81,425
168,125,474
409,452,412
141,415,27
350,75,207
156,126,97
246,81,369
285,299,12
122,393,136
372,460,62
199,195,404
467,311,77
193,348,154
399,414,356
490,35,235
335,279,488
176,181,141
266,264,258
365,450,293
106,498,85
206,358,323
167,374,226
236,59,7
18,194,151
328,220,464
149,311,495
232,465,340
94,375,182
498,377,377
240,339,25
461,365,157
12,393,67
196,79,18
314,3,64
147,103,210
307,376,292
57,29,350
393,96,361
14,432,301
102,115,361
384,15,308
225,84,65
392,107,65
288,73,261
445,425,404
41,93,396
51,69,147
15,237,235
79,468,456
13,327,465
196,397,334
402,80,228
1,253,257
35,289,64
147,457,281
102,333,100
57,40,469
152,263,189
213,258,154
22,433,405
173,345,43
468,232,188
433,479,290
44,445,244
157,191,350
21,423,259
79,420,357
333,210,176
331,109,163
192,307,488
42,423,147
304,480,446
7,177,38
381,52,277
89,300,164
173,430,406
478,296,132
473,133,310
385,118,305
333,305,144
214,444,63
395,482,108
27,462,109
95,328,215
51,365,475
488,35,271
256,399,36
324,246,319
138,443,271
397,78,486
237,386,246
117,296,395
44,410,392
110,129,232
259,356,335
244,113,109
117,120,156
337,363,317
24,410,43
468,243,129
58,464,374
197,299,427
92,348,229
321,315,213
352,411,382
441,408,386
446,321,499
333,50,72
161,305,1
62,304,226
266,255,193
151,220,483
50,270,108
116,375,251
497,455,45
189,86,81
442,414,47
285,71,440
473,147,412
456,112,123
422,112,312
463,319,150
300,299,54
3,436,223
385,470,488
284,433,185
439,193,301
22,30,182
392,207,246
26,69,408
170,309,200
43,352,340
324,490,392
41,51,373
31,72,27
203,410,100
115,227,496
485,161,416
244,134,80
249,329,270
408,451,360
88,51,401
488,415,23
455,362,305
226,448,150
172,56,2
334,87,295
299,30,448
329,437,294
387,347,171
377,431,477
499,151,140
2,276,477
91,242,17
360,147,23
437,284,378
101,474,196
294,182,246
108,342,219
408,187,143
197,284,43
396,124,198
185,197,194
291,466,193
419,99,384
479,156,467
14,203,23
265,469,263
343,166,336
480,369,143
115,84,31
384,10,25
449,64,460
71,430,375
73,36,72
167,373,105
92,498,156
346,144,385
175,247,307
273,20,262
273,84,246
64,272,479
275,15,299
287,199,414
182,475,10
53,371,11
383,245,416
491,474,292
89,391,296
230,305,311
184,251,101
476,372,437
365,186,330
350,44,117
347,111,371
303,67,312
337,180,415
199,70,316
483,461,418
262,218,32
242,155,453
264,30,135
402,349,385
279,127,313
182,307,146
104,24,287
282,128,38
457,275,0
382,75,136
56,143,240
303,226,452
237,187,440
264,112,206
370,409,157
389,109,67
337,209,302
10,496,232
461,218,372
285,110,454
192,428,245
100,47,66
334,450,169
102,180,267
392,278,443
368,5,21
281,93,259
265,474,275
473,392,144
321,127,460
94,308,229
296,445,73
276,440,381
289,299,269
7,195,16
481,168,494
237,454,390
185,352,393
162,238,342
427,392,35
283,112,352
132,136,140
380,85,67
447,132,203
8,157,410
220,29,499
300,216,428
389,43,343
361,441,411
417,267,204
115,308,232
353,64,469
392,468,153
318,188,401
493,336,27
217,200,165
186,160,245
381,314,234
185,96,206
373,138,460
257,181,298
11,477,423
463,243,162
299,244,98
466,180,482
131,73,234
498,184,354
84,6,434
464,28,239
161,55,409
365,139,339
364,435,42
376,387,495
347,476,261
314,203,122
366,369,400
280,296,143
448,228,152
427,178,225
364,46,77
408,486,426
215,249,145
82,195,71
75,21,472
332,152,43
379,100,158
4,284,158
118,120,176
297,427,60
177,277,254
230,103,392
470,3,68
344,122,306
204,19,125
218,63,226
2,54,51
96,260,181
38,7,325
224,69,125
212,393,412
200,289,133
75,480,31
254,421,467
465,68,47
3,296,104
491,80,444
396,171,345
237,210,158
133,65,76
355,183,85
77,310,443
138,302,188
100,372,9
110,42,190
395,497,113
236,57,485
136,489,456
215,201,331
25,445,150
210,396,315
337,58,370
332,157,37
83,40,132
177,22,111
325,442,84
422,335,141
279,55,173
162,323,31
466,132,204
199,265,131
103,271,189
217,403,485
82,138,52
489,299,402
180,297,29
97,138,154
170,284,148
328,436,379
432,459,281
123,357,150
250,488,146
488,140,443
372,450,467
424,139,372
334,92,114
212,401,347
106,209,158
363,198,237
207,51,12
287,301,488
186,28,350
483,448,49
341,101,78
169,198,447
9,258,445
189,338,427
233,307,283
295,498,320
359,204,328
123,222,51
132,471,378
117,84,6
325,256,158
10,7,165
162,41,48
441,112,23
363,454,270
198,222,412
104,302,305
49,11,35
35,226,108
356,89,188
124,18,450
264,397,450
180,51,80
124,300,262
371,229,108
109,359,455
107,219,2
261,286,27
2,174,291
378,482,171
86,77,362
378,391,332
27,129,333
41,142,156
112,161,297
403,331,414
428,248,341
74,285,409
253,442,199
349,33,85
161,477,383
41,327,495
443,262,72
499,270,243
167,94,45
257,255,101
303,350,169
146,336,479
297,246,349
47,197,155
445,476,127
393,103,255
366,429,407
140,492,276
55,496,147
414,310,228
105,103,456
163,455,92
329,39,125
77,136,313
404,346,12
151,238,139
62,336,124
367,62,391
390,457,57
8,34,160
496,149,287
26,426,216
201,160,192
495,74,488
113,84,37
132,2,154
143,407,84
263,23,298
109,24,207
353,202,360
345,355,470
79,48,160
209,130,111
475,12,497
384,41,348
65,471,97
6,281,338
189,65,380
101,461,120
417,91,308
67,291,327
88,13,376
254,255,329
388,370,424
485,470,7
271,149,279
478,11,453
48,31,493
329,20,401
146,141,35
254,434,493
133,425,255
277,390,39
466,6,370
28,280,316
118,111,70
320,255,487
467,138,383
137,312,232
186,312,115
387,214,303
287,178,471
65,31,324
102,344,305
392,357,119
251,133,109
379,306,200
108,205,192
377,386,362
88,318,307
168,176,240
373,116,63
343,373,153
209,261,268
292,112,399
161,279,105
207,166,25
452,107,127
416,356,364
256,36,419
55,322,447
383,144,10
127,419,277
69,216,296
326,132,153
172,207,208
391,225,487
171,314,318
352,459,160
184,104,51
247,364,87
415,169,129
144,0,221
329,58,229
111,150,79
134,441,499
12,36,38
331,304,279
221,414,163
116,214,188
216,345,285
195,10,471
56,17,436
110,129,259
208,121,161
144,461,330
457,479,434
177,295,225
115,161,437
371,276,63
120,335,93
376,312,53
108,81,446
129,403,194
41,480,157
256,462,457
236,124,464
467,149,470
387,269,435
190,213,177
187,379,117
330,402,254
269,72,281
166,394,278
53,254,107
52,259,206
346,327,163
396,452,39
457,163,372
232,105,207
218,128,76
8,198,68
217,288,188
498,118,53
497,296,164
491,364,231
152,268,158
355,239,349
183,375,371
177,93,457
341,434,308
196,336,471
45,110,246
138,401,97
65,374,113
198,61,73
256,114,338
409,132,412
443,461,294
63,361,79
478,469,282
424,223,210
65,88,385
348,374,372
108,63,135
458,80,65
210,328,14
3,88,326
147,236,388
182,161,4
460,414,384
332,48,149
290,449,136
238,10,450
352,26,76
327,24,0
290,420,399
72,51,256
25,466,12
204,213,6
368,141,20
164,218,53
276,269,74
16,21,337
233,35,337
340,18,250
413,381,277
180,467,97
447,200,343
273,49,435
107,487,318
217,234,424
168,449,494
104,307,201
224,221,49
71,461,497
190,278,216
204,491,473
139,407,154
87,185,344
241,187,53
370,260,86
200,68,62
144,421,281
321,428,146
115,482,172
155,267,315
129,131,73
87,247,358
410,0,473
111,246,484
493,316,375
474,131,332
300,221,381
425,182,228
363,141,435
100,200,160
328,383,289
424,21,17
361,413,245
56,371,137
272,67,64
95,438,484
393,468,40
52,121,143
262,135,135
106,212,100
224,319,94
376,340,224
448,366,80
304,238,456
179,262,185
277,289,327
115,470,158
350,457,436
59,107,24
315,429,482
94,265,39
192,383,471
301,0,212
257,287,290
19,218,151
444,197,150
288,135,233
443,200,412
195,295,265
388,133,352
224,351,97
199,278,28
184,111,148
91,55,490
343,291,445
379,22,298
461,458,388
4,414,440
294,364,117
275,201,343
394,354,472
426,154,119
405,107,9
162,98,80
57,102,128
432,109,38
232,264,380
170,422,434
133,329,67
344,319,287
459,483,297
440,29,36
469,344,71
0,150,30
465,461,221
468,225,345
309,244,369
206,475,149
442,372,357
170,189,274
213,164,28
97,439,91
447,123,429
478,29,148
179,72,499
304,119,164
239,5,270
206,33,48
233,51,291
38,376,302
180,432,252
292,288,384
280,419,190
217,270,141
403,55,236
116,379,467
436,130,398
384,20,246
37,66,106
33,266,5
252,227,322
264,0,153
263,453,440
300,359,20
445,150,460
3,117,62
189,301,331
331,345,487
495,216,135
328,143,61
371,133,306
323,441,377
140,283,120
127,395,302
40,46,149
284,393,135
466,213,205
45,464,478
221,202,178
266,373,494
375,210,217
465,446,102
127,267,168
488,76,263
392,340,151
38,238,171
450,393,430
74,175,433
24,455,226
276,263,378
218,300,175
65,261,426
412,302,94
477,129,198
286,433,325
391,423,139
121,0,278
241,407,229
339,176,323
434,471,166
232,193,218
423,182,256
91,11,260
265,253,245
350,208,256
116,228,43
437,335,389
233,122,492
339,298,498
258,191,120
373,415,79
359,485,413
385,130,254
413,334,260
404,374,335
210,323,444
367,196,371
153,351,29
174,162,291
253,283,463
355,16,128
408,182,219
312,163,87
195,175,211
161,235,168
392,45,425
430,122,428
454,470,436
434,245,333
178,95,385
366,2,192
26,115,372
195,479,261
293,380,67
426,258,339
6,99,347
331,308,291
454,172,348
135,270,174
103,216,228
455,375,371
197,128,375
167,0,104
497,282,272
225,31,326
481,135,349
235,327,206
159,315,415
359,35,205
434,428,434
127,293,91
139,426,87
431,470,188
447,174,118
258,310,369
14,196,473
100,59,22
176,433,327
133,113,425
451,40,308
316,338,389
281,431,225
271,60,151
179,137,486
121,390,377
176,60,453
196,17,179
65,146,174
192,87,58
89,30,291
180,196,240
231,11,459
343,448,43
392,203,198
35,316,145
240,439,359
99,294,373
122,289,415
107,321,160
323,470,391
114,213,449
174,143,94
488,452,63
281,188,471
128,388,70
10,310,65
424,69,477
483,76,364
244,112,27
437,421,51
165,342,381
447,11,282
30,54,238
367,126,204
336,341,492
384,113,376
279,274,409
267,471,27
296,382,493
238,495,106
497,76,190
51,123,434
387,499,391
339,90,341
478,29,442
2,315,106
269,137,198
128,444,266
412,159,210
372,364,155
40,196,254
341,458,293
323,186,52
475,421,10
255,25,489
264,226,199
87,431,106
405,277,310
211,204,209
262,466,159
321,152,488
19,28,174
360,489,31
350,126,73
209,38,319
32,121,336
145,110,339
34,271,5
234,70,25
367,9,412
112,335,363
429,113,363
422,319,237
426,117,211
405,286,10
299,367,357
64,190,465
236,108,235
257,237,171
162,134,202
296,17,251
91,400,313
454,424,280
157,497,389
438,298,37
352,149,190
398,149,455
338,344,221
232,198,491
160,221,248
75,292,391
422,288,28
467,473,280
203,287,27
123,258,419
164,466,152
453,413,306
31,50,392
392,185,95
224,466,95
132,440,482
387,325,129
246,133,363
61,485,94
426,74,152
476,34,344
5,10,442
338,152,492
25,403,487
293,336,268
10,253,261
340,57,117
383,269,50
462,230,297
314,58,386
248,220,99
184,356,4
10,353,341
67,496,352
224,88,455
63,126,391
439,454,178
18,388,404
379,196,325
206,485,484
131,6,243
302,400,241
462,101,280
113,492,325
66,75,431
40,16,336
423,156,380
451,411,475
139,456,109
160,163,420
432,310,402
78,174,247
87,300,456
23,233,379
201,307,370
385,28,473
89,360,298
418,73,474
435,451,94
328,362,197
263,60,136
408,237,451
490,19,375
315,94,470
383,374,103
200,241,284
235,65,164
371,491,204
313,418,194
491,328,331
410,400,39
182,127,138
386,408,445
29,232,465
398,39,219
474,479,57
251,446,91
318,158,456
406,35,129
146,3,201
471,222,126
32,243,230
325,268,11
281,137,478
123,317,154
88,37,172
460,358,315
473,33,74
360,423,440
139,420,336
120,262,74
44,249,10
276,184,76
143,214,375
158,42,276
81,8,247
106,447,222
38,446,139
305,228,160
173,344,244
387,82,431
171,209,477
239,442,1
176,314,253
133,66,10
104,246,87
357,358,16
356,397,415
143,401,195
232,396,101
430,29,110
430,336,59
460,222,368
31,3,458
180,188,74
177,3,41
358,220,324
123,33,358
209,458,491
419,475,419
471,339,31
42,84,238
253,82,211
422,341,302
330,133,374
407,343,328
48,308,143
132,452,161
423,101,71
398,373,205
408,231,292
120,1,165
37,119,304
312,238,182
5,207,249
483,120,266
130,299,270
175,250,144
48,437,232
226,274,149
358,495,479
338,177,404
150,408,18
397,490,65
357,85,332
365,252,126
413,313,1
183,448,403
54,134,377
365,442,196
475,423,201
225,152,467
28,349,42
4,263,452
395,106,228
379,215,413
128,239,267
425,222,440
306,435,0
230,43,207
323,208,236
282,111,399
406,158,395
17,131,272
223,124,259
229,435,37
156,95,261
2,216,416
96,185,340
369,363,62
465,197,477
441,199,488
187,152,491
91,281,116
483,389,338
372,110,316
58,422,282
182,130,319
344,52,351
366,82,2
136,233,309
189,114,219
68,237,122
210,357,422
38,217,57
471,358,422
91,226,409
335,258,103
112,178,277
176,162,224
109,146,203
250,129,398
20,367,129
319,427,443
221,215,477
280,374,21
252,125,55
255,352,107
370,102,182
451,369,424
291,270,448
168,43,31
458,476,425
233,336,496
163,9,343
419,156,34
325,288,294
160,314,287
492,482,153
106,237,350
130,396,81
348,156,465
136,94,235
396,284,55
416,344,454
198,134,85
266,70,434
40,468,400
135,99,91
401,347,220
408,399,77
368,52,455
107,152,487
5,418,44
177,39,397
32,299,219
156,245,71
1,25,488
190,462,308
173,30,456
96,424,328
6,353,281
172,194,367
374,348,94
65,246,279
381,312,276
174,432,399
11,487,422
395,133,10
364,3,207
269,305,21
65,316,198
97,433,369
198,104,55
266,170,325
28,128,408
72,128,189
477,56,407
354,233,131
331,447,399
5,32,53
230,185,280
257,312,372
326,407,478
228,302,37
177,66,280
479,8,209
495,301,190
294,461,316
139,345,241
475,31,330
320,232,215
437,280,138
437,439,227
430,130,365
53,315,23
348,449,440
78,400,290
268,171,19
66,77,75
497,428,58
468,265,467
183,187,403
311,392,67
142,440,238
251,262,237
489,324,338
224,219,109
148,457,262
196,361,24
173,226,188
135,437,62
119,54,119
346,285,267
139,19,460
373,307,221
327,413,121
0,273,163
236,445,105
239,230,20
81,109,120
487,133,48
3,344,460
279,10,369
138,96,193
293,271,179
281,422,149
283,143,306
213,164,91
383,291,309
157,381,367
80,226,498
164,301,493
168,120,180
410,183,379
491,425,157
473,156,300
220,247,424
162,52,342
113,452,327
267,6,62
385,226,309
39,272,266
70,155,389
267,412,29
305,371,492
205,367,383
134,116,279
217,459,487
248,156,140
263,103,147
271,198,66
336,181,235
0,282,244
84,26,108
334,105,134
478,307,138
275,177,208
137,230,388
233,250,320
158,200,112
374,462,448
20,190,499
94,310,403
196,135,1
336,129,201
132,238,400
43,123,53
210,86,203
389,474,82
305,78,129
350,251,105
221,429,229
14,432,138
325,404,160
443,321,472
12,382,92
282,198,29
436,472,96
440,51,173
325,453,31
347,309,116
352,402,462
113,85,90
418,415,318
255,483,275
132,312,281
314,432,385
154,80,111
42,41,474
7,301,165
183,42,171
61,499,63
64,168,377
159,142,459
451,2,377
400,384,376
477,390,94
95,183,15
393,13,49
93,241,60
278,108,120
366,374,491
332,132,244
51,132,403
426,473,85
217,461,327
69,146,455
429,121,15
433,114,108
248,314,22
80,178,267
292,327,280
480,93,246
443,109,216
303,486,138
385,110,16
124,489,188
41,318,419
339,183,499
385,497,496
294,79,342
2,432,477
177,356,265
212,465,121
252,142,210
36,417,395
44,157,81
228,122,46
257,444,44
2,180,423
395,117,207
195,261,414
62,297,2
173,93,272
465,396,216
89,201,468
197,407,433
85,76,143
418,236,42
48,288,74
444,388,482
249,90,139
284,156,44
402,317,335
143,36,86
341,213,321
43,462,440
144,55,113
222,191,282
116,312,478
275,478,443
101,12,179
299,323,464
462,442,143
443,3,241
14,421,253
460,11,472
375,80,239
364,491,203
150,287,301
442,7,78
30,414,265
363,397,474
34,459,245
313,336,324
285,89,260
208,326,440
350,390,151
399,248,243
285,481,319
144,465,377
431,139,314
85,128,308
227,102,285
187,246,85
134,131,440
389,327,361
169,422,158
175,21,410
379,232,277
430,182,382
420,458,202
44,38,59
178,214,242
361,453,454
280,269,372
349,297,395
90,179,347
9,476,152
298,121,315
484,53,202
27,449,311
399,240,480
426,4,72
382,201,477
51,314,310
421,474,121
219,416,3
306,370,21
227,448,305
408,50,421
424,280,259
456,442,325
284,3,322
20,97,488
229,392,418
70,450,65
368,433,455
492,92,434
132,263,107
228,15,315
402,97,309
128,225,409
208,100,315
462,238,312
17,67,162
292,393,3
210,402,443
311,276,271
462,432,171
450,172,376
211,70,47
47,262,407
238,421,385
304,365,219
206,392,213
32,279,427
131,487,220
256,234,47
387,477,485
274,477,195
395,123,450
177,143,175
330,340,404
75,150,29
10,76,242
327,495,191
469,15,69
92,135,402
5,258,51
294,473,14
492,129,139
298,271,19
12,361,324
264,357,461
271,299,381
99,94,485
406,115,71
213,403,308
366,300,229
348,265,270
469,87,194
365,48,369
95,134,4
41,430,397
88,47,123
421,436,210
102,359,351
381,189,401
332,169,323
467,196,369
205,432,114
453,170,462
283,199,202
216,41,103
251,22,90
111,119,261
221,452,214
200,136,29
409,59,414
498,93,362
125,488,478
462,108,244
231,400,386
157,379,427
27,108,71
377,397,371
238,181,401
94,390,124
52,246,160
411,231,47
104,489,1
390,188,390
175,336,475
115,228,231
282,485,96
27,293,150
476,491,193
487,207,246
422,176,231
345,441,324
176,157,80
201,426,246
360,393,366
466,113,409
14,144,112
267,114,364
131,301,80
249,103,457
53,278,199
471,265,206
253,368,140
262,305,433
435,417,230
428,199,436
217,159,10
241,113,489
334,127,252
67,442,155
121,492,461
336,271,394
215,28,179
473,169,132
147,146,316
19,341,141
464,224,326
487,163,109
240,3,448
496,396,60
343,137,490
352,140,110
219,316,256
256,21,53
189,225,445
475,77,72
397,333,241
5,230,16
209,270,133
197,340,139
415,194,354
401,75,245
465,163,284
38,105,125
99,334,129
211,105,104
91,71,348
304,200,339
440,307,40
121,74,251
393,317,393
252,64,228
472,31,182
451,476,83
432,421,342
389,317,141
234,166,37
28,351,138
3,38,100
371,161,493
92,273,237
96,410,79
380,153,67
402,437,155
256,123,467
57,245,31
45,24,213
361,136,49
129,22,488
319,258,413
295,336,162
86,154,98
462,281,54
254,467,346
203,357,117
167,269,80
133,306,228
334,344,195
214,464,119
118,465,452
382,4,82
247,241,364
488,498,469
30,398,340
194,270,420
283,153,298
303,428,154
215,139,293
492,114,85
62,484,201
386,407,372
428,39,430
348,149,141
376,475,232
73,167,204
24,80,380
342,460,332
266,23,210
14,395,357
22,32,170
341,298,81
319,296,370
493,260,388
134,483,249
161,158,45
150,255,222
386,108,378
182,464,342
20,26,341
414,159,454
72,73,205
178,460,64
290,417,136
222,168,364
255,167,321
285,237,6
444,417,299
75,407,288
463,203,291
209,247,189
242,462,28
63,221,254
448,366,422
353,461,183
10,357,473
96,124,39
298,438,137
482,7,249
256,400,266
38,5,298
422,296,326
423,416,395
392,244,9
394,256,175
254,340,86
106,133,94
242,416,354
200,262,219
134,479,172
345,4,278
164,320,20
212,272,408
460,86,132
257,379,446
216,135,369
57,181,379
370,243,331
287,192,253
58,361,228
459,217,40
141,32,132
40,162,147
194,354,45
316,13,333
229,336,314
471,126,262
362,212,158
22,112,340
304,16,394
328,372,179
98,71,433
316,232,419
359,31,353
328,226,284
148,52,184
451,347,62
171,166,14
448,215,172
295,123,286
179,305,224
99,326,14
418,313,77
157,475,405
103,134,130
159,211,397
402,324,271
45,105,126
205,409,173
218,63,446
38,199,335
104,448,461
432,3,63
24,464,266
309,354,471
443,13,88
381,331,414
485,308,365
286,34,177
62,42,498
165,299,450
302,275,470
398,346,353
380,8,478
33,404,285
47,431,410
232,270,201
262,62,103
498,155,269
360,296,94
302,5,440
479,317,236
481,352,281
325,57,241
9,12,52
311,111,428
227,497,107
176,492,232
421,205,129
424,368,327
231,428,419
105,66,191
426,463,98
165,260,23
157,62,277
157,448,401
435,324,188
177,119,6
494,94,334
244,258,394
394,211,485
420,271,447
266,381,218
197,205,282
385,480,212
38,445,313
445,181,449
401,468,151
420,277,158
350,218,316
420,235,440
476,87,51
479,310,428
383,212,458
464,23,378
240,461,307
303,400,49
189,192,217
449,437,121
216,49,348
494,241,127
261,132,454
389,397,43
220,229,3
252,204,104
11,364,471
182,384,106
335,474,25
218,497,34
461,294,419
491,171,120
362,307,89
226,38,206
293,291,47
387,319,43
401,200,494
67,12,175
429,175,413
57,242,417
116,179,62
471,94,211
184,205,25
28,208,417
487,183,244
331,468,192
102,77,356
481,253,239
364,374,250
100,202,277
148,395,208
212,443,134
342,438,238
309,360,426
312,289,30
108,485,271
227,395,151
128,437,383
268,360,251
152,315,33
491,351,494
114,407,10
106,140,374
195,74,44
491,102,63
486,409,116
253,167,288
320,320,167
269,477,30
10,365,74
412,253,355
347,244,479
442,3,102
43,438,347
16,498,368
275,196,321
226,184,100
34,90,363
384,159,63
4,300,33
241,155,261
452,466,256
228,98,105
265,182,190
163,342,42
158,305,225
54,458,429
432,449,330
66,92,346
406,467,368
413,56,77
23,331,338
392,295,107
331,211,183
384,490,216
56,47,366
456,268,479
420,356,87
180,309,92
275,20,475
49,496,349
157,359,138
308,53,118
476,295,466
410,269,483
170,421,484
393,116,134
72,374,231
121,150,382
189,348,493
461,143,58
313,370,26
495,300,109
402,351,478
332,235,252
187,91,270
62,331,84
190,38,121
166,196,39
309,18,204
78,101,237
105,261,167
41,397,167
125,154,59
239,166,317
494,282,249
32,115,420
464,145,482
299,259,357
438,10,371
118,303,349
426,16,46
359,481,21
60,153,218
291,131,74
439,143,114
239,148,6
88,218,136
220,105,336
383,14,81
247,97,23
498,454,487
58,309,234
252,75,384
315,438,469
491,481,491
130,77,261
470,32,206
488,443,420
99,14,268
189,62,449
83,55,145
237,469,11
390,76,28
418,297,27
236,202,34
55,100,480
421,474,453
72,344,235
197,394,264
277,286,393
265,364,8
218,236,430
293,91,34
280,324,464
99,361,478
367,84,97
166,216,104
163,460,445
298,53,333
253,140,328
73,200,28
225,233,35
323,84,496
454,92,223
285,125,94
355,32,417
342,389,338
148,472,88
459,463,353
365,84,257
219,425,65
141,409,139
53,287,45
364,112,436
193,483,167
10,458,91
140,214,420
145,192,16
478,133,114
362,349,212
425,64,9
134,247,344
88,322,418
485,384,118
75,57,116
418,473,267
483,430,328
20,272,348
100,77,66
145,430,115
496,436,161
339,14,116
25,97,84
46,225,46
499,34,180
449,89,184
416,75,128
312,322,369
17,23,425
147,56,161
9,408,177
447,412,333
121,75,301
76,381,148
73,405,457
296,419,364
33,423,267
190,175,241
104,215,492
197,96,301
444,321,369
82,261,232
349,399,428
62,478,37
44,30,412
163,311,455
461,326,19
149,204,285
386,456,401
256,27,438
132,179,402
317,217,233
362,264,133
4,485,143
464,356,204
267,395,487
26,432,100
87,348,81
225,136,403
230,141,90
113,290,403
38,81,236
81,253,235
285,392,66
153,460,355
73,282,192
154,306,232
231,198,431
227,32,474
218,460,147
36,343,267
22,186,130
47,384,201
150,333,194
365,133,341
2,15,96
189,155,356
331,154,100
269,3,400
360,80,75
134,119,255
369,132,329
320,198,231
403,233,417
307,375,185
106,419,360
453,373,449
147,437,335
304,90,267
261,124,363
155,433,413
126,408,239
381,371,499
323,424,470
310,452,346
253,356,468
436,20,424
337,155,108
187,74,438
378,107,54
402,381,407
205,293,339
425,92,245
224,404,84
19,140,446
352,333,407
37,296,172
364,275,238
118,95,20
183,43,112
498,355,331
392,3,294
406,139,293
86,492,389
242,406,96
471,87,458
228,365,381
366,26,305
300,129,411
27,333,242
145,336,14
334,462,482
272,109,60
382,392,340
111,121,354
128,336,89
272,40,272
435,412,221
344,371,306
30,233,4
249,108,119
146,309,176
312,50,485
13,366,44
438,394,305
152,404,223
17,299,349
475,56,346
253,305,33
173,382,482
168,442,313
61,196,253
85,10,203
168,479,132
450,152,220
255,255,495
260,366,400
209,163,204
477,405,161
112,212,337
418,339,453
94,413,368
257,450,448
350,442,57
62,498,462
279,352,457
264,225,129
266,136,78
24,61,110
413,108,427
419,101,48
214,39,275
185,222,35
221,277,426
170,56,109
364,496,45
364,19,448
258,419,347
63,468,126
456,299,260
353,64,372
498,487,288
171,13,92
386,196,50
160,420,174
85,97,185
6,330,411
253,496,254
60,280,284
49,235,63
77,228,181
167,60,423
218,431,164
93,190,364
25,45,58
466,159,141
322,138,465
330,61,67
471,14,358
337,318,350
165,424,407
412,124,19
183,414,160
409,382,238
421,394,58
293,393,206
371,111,204
395,249,80
322,389,390
1,97,127
7,178,283
354,242,145
385,377,414
261,218,256
326,44,343
230,351,423
99,14,297
423,278,339
142,437,422
127,248,451
231,354,365
91,114,200
13,65,477
244,71,165
297,334,175
163,176,188
148,379,347
445,58,69
32,394,112
357,150,433
101,73,418
369,13,299
404,436,344
370,239,229
2,42,382
73,426,32
102,313,441
120,196,50
221,202,116
477,483,336
92,467,114
70,458,340
444,103,395
461,272,64
165,288,493
311,323,251
38,498,363
296,133,448
209,319,23
33,148,284
359,353,418
429,327,18
257,8,452
339,109,22
464,237,32
215,263,454
450,382,399
233,279,286
338,65,343
491,403,322
201,478,36
385,427,163
130,397,401
21,282,126
88,385,485
447,367,45
163,173,286
12,114,418
416,242,422
136,63,370
241,133,438
384,389,401
495,49,225
440,402,98
470,190,143
409,354,341
484,320,151
89,351,32
126,244,340
329,451,361
322,347,318
87,424,21
344,386,270
60,80,394
74,220,251
441,110,46
411,11,340
424,249,58
442,209,428
487,319,151
23,79,415
404,213,471
219,90,351
159,373,46
462,471,303
458,467,264
478,320,329
190,322,306
15,183,417
137,379,363
239,135,99
100,253,208
98,145,126
206,7,110
106,416,495
139,1,221
289,287,453
354,259,449
68,146,119
273,174,423
280,489,393
445,187,350
67,27,450
306,414,86
52,273,247
114,212,247
86,48,388
277,1,162
94,20,327
251,434,212
196,435,146
180,84,6
143,253,366
109,265,117
74,425,318
377,419,249
148,322,51
264,78,399
392,35,269
232,494,138
108,32,163
361,89,468
270,54,207
339,175,134
341,254,280
80,45,85
194,79,175
169,343,477
93,389,96
253,457,156
175,210,361
477,287,136
458,177,116
336,299,311
363,190,369
5,210,147
329,60,112
153,138,490
464,194,294
367,256,488
172,224,203
251,497,322
240,282,264
144,62,101
326,408,248
61,426,283
280,489,326
213,241,136
261,199,475
139,325,257
193,136,365
464,213,335
80,168,182
402,39,88
283,84,238
435,224,151
290,411,448
462,220,481
46,6,62
67,12,369
115,174,401
29,361,445
158,335,157
155,362,316
220,221,420
434,214,408
318,52,65
253,115,495
74,344,165
397,67,395
446,199,409
459,426,188
411,338,482
106,430,427
75,372,310
472,248,430
397,390,398
472,353,154
452,252,98
154,132,131
332,134,350
139,134,344
210,99,468
99,172,69
445,4,401
262,74,128
269,141,344
247,81,435
353,181,477
116,494,226
442,422,396
84,303,462
245,265,307
223,338,120
53,271,444
233,280,110
359,209,440
78,231,469
73,454,354
14,207,351
136,185,343
64,203,321
318,222,202
106,340,8
356,274,321
30,377,279
440,176,394
408,188,494
3,237,132
267,410,397
310,26,322
403,164,87
166,70,259
471,180,30
121,54,19
264,487,366
485,82,109
165,122,347
439,325,110
238,396,407
1,439,373
485,341,64
391,46,384
454,394,324
365,6,395
86,26,443
328,384,196
334,300,351
159,24,434
402,45,390
283,182,270
455,185,155
137,323,110
32,490,285
442,58,275
158,64,386
490,489,52
367,118,18
471,483,178
159,496,149
39,499,368
169,265,497
329,73,278
278,299,367
443,379,128
228,176,14
254,191,134
372,362,280
23,23,192
277,134,282
238,379,166
34,476,458
247,442,34
186,216,287
8,114,415
169,299,119
54,101,408
194,398,151
483,239,71
225,326,1
256,127,396
460,237,299
497,170,499
169,300,283
459,15,112
280,71,286
276,30,110
196,314,37
423,119,3
331,6,88
329,100,319
213,98,159
343,341,325
298,97,470
259,31,238
305,355,27
230,294,359
486,444,107
224,445,364
338,49,317
371,32,257
292,203,329
59,192,438
326,458,368
406,325,186
459,183,183
50,226,281
98,7,78
456,350,194
287,366,115
46,64,32
372,107,50
181,210,211
152,424,8
246,70,65
223,430,47
133,355,223
177,31,329
329,231,2
100,373,9
12,63,430
420,451,29
346,11,20
428,112,343
475,396,20
102,391,235
250,349,15
414,280,212
344,283,261
212,206,3
155,33,214
315,352,230
58,47,481
77,137,495
188,384,301
218,32,306
307,305,19
236,14,412
496,475,293
280,331,10
379,289,346
141,97,272
197,322,495
402,322,73
303,251,488
96,171,57
139,144,354
478,333,210
446,465,47
70,109,461
78,437,7
71,425,91
76,133,437
195,403,101
180,364,162
377,307,426
121,498,467
374,282,76
187,199,188
140,149,497
173,25,354
488,20,332
432,126,456
479,391,182
14,277,416
392,395,408
150,123,447
421,206,475
454,217,362
116,142,246
434,308,412
388,281,187
196,390,347
41,440,149
180,158,200
34,404,171
41,397,457
98,377,398
207,450,39
473,278,253
21,399,367
495,106,395
137,115,305
219,142,178
328,39,247
432,41,472
329,263,269
74,479,36
186,185,413
413,344,498
38,281,128
347,58,394
328,445,390
68,16,140
330,496,221
217,150,368
161,375,268
86,62,457
369,488,460
73,71,15
430,258,431
349,177,201
441,81,25
270,238,29
69,461,90
226,166,307
470,297,212
18,320,279
149,250,323
67,462,80
234,423,255
397,429,336
275,202,247
432,2,238
19,203,328
350,170,74
260,174,78
427,349,402
69,189,32
243,324,477
315,48,63
499,126,133
367,131,149
190,472,415
134,194,237
245,129,294
442,379,134
97,80,55
134,139,239
2,250,166
297,493,280
33,51,14
148,380,70
493,45,421
224,66,74
177,14,0
152,106,322
237,452,489
121,368,33
433,402,277
300,26,118
227,466,365
285,460,456
49,6,327
129,443,36
418,356,291
344,491,421
402,234,176
147,100,396
71,55,47
343,241,304
311,126,136
43,278,372
365,383,432
34,40,354
187,410,241
239,136,235
419,199,330
254,139,14
160,251,452
77,275,13
256,298,462
294,36,252
173,310,49
356,254,131
369,217,306
356,76,232
1,208,171
200,33,391
288,290,429
83,494,1
95,363,197
457,126,153
26,1,446
287,163,191
406,169,325
60,20,225
223,186,61
263,264,150
252,396,142
290,253,395
6,60,132
235,492,441
223,381,202
70,257,449
305,213,172
151,425,300
321,353,483
42,285,268
21,358,160
213,97,87
362,197,311
262,97,28
77,19,442
472,314,243
205,146,94
265,208,378
280,173,41
212,42,202
11,258,331
249,478,254
137,395,451
154,494,459
236,411,172
386,358,150
203,247,147
388,66,52
327,10,83
458,403,194
374,377,421
474,66,245
361,219,66
241,156,497
318,470,311
70,308,394
59,348,459
384,123,493
406,17,480
390,82,285
164,76,129
324,30,288
117,163,379
245,436,442
378,59,143
33,131,411
235,216,265
178,34,52
277,276,24
460,103,291
468,409,476
57,284,238
187,219,20
415,14,74
292,381,172
136,55,451
228,124,276
48,305,328
327,321,481
333,129,138
161,417,201
461,486,128
488,416,279
12,48,405
332,488,220
471,274,375
376,275,369
375,11,173
418,281,355
41,210,192
105,338,437
159,190,83
424,463,267
133,294,38
241,17,53
142,405,326
357,385,246
22,79,99
265,123,84
242,250,153
161,178,416
221,287,486
427,77,100
445,367,197
464,94,314
310,195,108
395,181,491
274,366,437
230,64,116
254,215,102
419,298,82
54,118,2
47,469,495
248,363,463
371,497,334
304,304,70
320,86,186
453,495,150
355,86,458
159,17,67
76,134,186
354,141,435
176,161,438
389,259,444
265,491,138
148,411,304
270,283,205
56,335,301
254,368,354
98,243,270
24,386,30
170,332,346
249,19,48
311,67,146
182,209,269
495,30,471
79,69,165
435,18,215
312,342,69
424,314,285
200,63,5
485,497,246
168,69,444
393,47,455
302,284,49
475,141,358
202,268,258
395,444,360
151,237,94
199,161,356
68,407,467
437,240,139
90,457,459
29,52,258
225,394,188
470,131,214
111,95,77
142,473,412
231,451,179
88,30,168
190,226,144
176,422,32
461,141,476
56,193,469
121,24,363
55,59,257
313,130,80
396,97,47
151,150,212
424,179,451
382,314,386
382,61,287
153,360,137
73,199,370
269,488,193
232,155,155
318,276,50
367,355,33
401,295,200
278,441,491
243,150,175
120,219,133
60,66,430
205,230,226
339,204,23
164,126,495
187,361,10
68,399,256
498,100,325
394,429,23
294,40,391
102,158,447
0,359,420
208,95,76
465,433,333
82,297,363
126,200,9
321,109,365
267,415,39
95,333,33
241,442,448
423,199,253
45,466,81
488,417,360
437,331,419
245,168,451
428,343,411
151,359,399
190,283,235
306,83,56
428,52,324
415,86,48
286,57,314
217,143,499
317,395,312
328,58,219
352,140,226
206,401,264
275,221,473
229,414,338
338,493,484
206,22,413
437,135,485
168,363,145
421,109,293
314,352,310
316,458,406
125,491,349
382,200,7
32,266,275
61,168,83
189,252,383
384,181,389
71,328,440
414,437,231
314,247,43
132,245,459
355,217,437
326,100,288
49,225,414
454,487,284
258,312,328
404,296,5
39,489,230
163,140,90
366,321,225
159,315,110
93,237,88
33,461,80
103,476,165
267,66,240
211,2,37
211,207,496
68,49,191
469,290,309
465,438,79
40,267,313
50,388,75
320,28,466
33,56,250
298,282,240
441,457,236
448,105,209
168,200,375
157,28,6
172,195,313
120,20,51
108,27,408
87,313,450
388,113,264
39,152,234
46,415,138
163,409,381
186,437,313
388,166,288
362,356,420
145,433,199
378,498,303
316,145,190
185,393,90
317,447,329
71,367,33
358,426,348
363,381,447
125,40,261
376,250,27
318,103,183
310,250,252
254,381,266
44,15,302
107,226,30
386,17,214
306,5,172
244,199,54
61,306,427
71,325,486
107,84,337
459,213,271
463,387,445
25,185,359
340,180,46
75,169,68
291,364,115
283,169,0
457,369,409
189,484,337
497,15,180
320,372,64
26,396,17
346,462,276
306,248,14
451,492,381
65,6,352
362,98,196
452,147,189
237,292,102
416,203,217
471,368,41
464,392,171
441,48,289
194,198,193
417,424,19
44,269,322
268,355,377
110,291,35
140,55,154
3,479,487
223,205,331
327,288,160
294,184,322
40,81,223
175,81,24
36,353,370
290,8,29
61,231,153
223,349,291
179,379,313
14,412,67
197,451,357
45,137,418
329,448,208
129,408,46
494,294,460
311,33,296
160,374,362
449,137,166
70,5,29
421,459,213
96,473,134
345,199,371
146,67,461
18,166,334
437,388,369
307,221,427
223,332,361
299,309,283
471,448,206
386,202,264
489,373,195
135,254,143
188,447,136
475,382,79
261,415,6
40,286,431
463,312,299
129,395,75
339,197,338
487,221,453
342,31,113
138,17,60
498,329,25
205,162,72
442,405,457
313,48,3
208,198,314
406,113,400
122,319,271
187,368,429
367,378,391
79,34,120
249,356,55
382,196,296
269,139,9
491,150,59
54,413,204
356,117,133
73,492,223
362,378,92
423,32,88
457,371,487
194,274,321
204,247,470
163,317,161
376,153,418
356,481,317
69,449,477
341,470,499
46,165,238
319,266,172
94,96,123
133,73,213
466,291,42
204,258,457
311,489,131
385,368,243
156,191,472
416,481,58
475,111,345
244,205,331
471,371,422
371,340,197
411,472,139
80,244,344
433,79,32
433,476,272
251,239,119
130,354,252
123,468,406
69,41,349
447,265,493
295,156,481
39,456,269
3,344,467
465,149,0
420,477,306
143,351,33
225,362,309
403,198,49
182,10,237
111,91,369
454,326,314
88,362,272
476,200,273
155,282,165
301,141,224
489,392,384
165,236,115
182,453,446
377,453,90
331,295,442
70,243,129
467,274,271
87,183,360
4,166,98
63,364,206
203,39,286
346,207,404
139,214,34
141,31,442
460,458,29
39,191,431
273,427,452
124,180,182
325,193,37
116,330,27
382,398,368
390,133,260
55,70,182
254,19,165
152,36,315
455,321,325
176,348,250
447,86,404
166,88,350
321,410,484
255,78,127
347,384,144
413,176,254
344,398,131
336,165,271
464,488,388
117,237,12
363,479,434
362,413,115
277,101,359
164,492,310
379,56,280
487,361,296
235,6,162
421,458,314
278,460,122
344,251,251
67,285,256
51,68,139
252,330,138
266,411,34
152,340,348
216,492,238
281,83,480
160,228,149
49,260,135
265,337,127
410,10,259
163,489,19
192,52,297
0,245,302
293,66,131
76,183,499
165,189,89
65,148,361
205,65,9
34,8,80
381,392,142
14,166,478
476,143,486
217,380,463
83,304,366
93,94,321
61,461,30
406,316,12
30,131,102
361,231,1
193,485,223
489,495,147
378,231,56
218,19,441
425,316,357
392,205,278
208,219,33
458,251,220
430,101,43
143,447,285
433,144,167
314,415,109
476,69,148
354,410,389
263,70,119
488,453,415
87,415,334
5,145,482
431,20,360
207,274,269
136,429,345
8,21,373
72,331,499
116,313,2
185,188,285
226,211,18
297,200,330
93,232,217
235,54,356
252,293,215
481,149,149
98,105,172
447,426,82
429,54,97
283,35,205
299,238,450
321,386,55
220,380,275
485,201,460
404,245,144
229,385,484
26,65,354
199,328,298
254,147,269
498,271,99
469,338,329
245,383,45
284,273,230
301,434,373
179,224,34
354,418,344
364,232,118
449,411,37
153,453,45
120,148,362
226,50,357
388,62,270
339,314,381
433,99,27
406,385,197
362,39,387
329,459,389
113,64,53
104,461,334
264,347,432
426,424,142
258,363,280
352,35,139
346,491,373
462,256,294
232,452,424
239,436,90
281,220,58
23,73,337
425,80,455
203,132,184
262,43,25
134,429,489
429,11,419
336,291,123
311,360,120
392,368,391
457,47,234
136,227,20
372,226,127
450,99,314
191,236,409
289,189,390
372,401,111
119,150,350
149,135,36
137,198,93
327,33,366
444,471,318
77,472,167
415,202,260
491,416,122
262,397,169
416,12,283
34,203,350
338,379,274
269,112,100
240,455,152
107,263,72
227,414,192
441,326,37
121,199,67
388,400,204
154,154,72
231,200,106
325,286,437
443,205,261
266,455,182
41,81,92
276,471,46
11,371,24
185,47,54
238,108,491
459,65,19
331,439,471
187,57,326
277,297,420
324,412,94
430,347,277
168,252,201
470,404,446
315,277,312
0,328,146
277,308,223
188,445,150
180,405,146
169,97,153
39,143,402
346,73,347
248,26,302
159,94,460
462,51,379
12,102,150
7,238,322
340,341,387
352,467,270
304,379,364
151,440,51
93,475,33
437,116,192
251,395,249
160,69,343
313,463,341
120,149,423
82,239,155
381,40,352
72,303,497
97,246,260
308,404,425
175,219,404
49,432,301
23,306,257
182,119,197
325,235,418
311,115,407
449,261,386
309,352,470
190,83,220
357,263,375
255,10,142
276,54,484
231,13,21
219,130,130
154,247,335
280,360,81
229,144,103
373,392,408
417,98,95
143,281,123
404,298,217
254,303,87
109,99,250
141,438,219
275,402,5
442,441,255
201,168,372
234,385,124
64,386,8
419,173,19
127,236,168
465,451,477
384,180,327
222,256,282
54,393,177
373,31,283
96,151,251
119,376,212
0,333,178
447,326,169
318,430,10
1,199,76
96,129,464
332,335,479
322,396,329
331,366,388
29,90,67
465,320,386
77,115,58
221,169,439
402,348,397
53,235,182
128,426,106
412,379,66
174,12,123
283,50,389
224,234,497
66,183,330
461,365,31
110,194,220
14,354,274
432,162,211
393,359,468
317,487,240
25,91,138
53,428,255
335,385,137
299,393,396
51,420,197
220,418,445
385,189,76
160,156,2
117,1,400
487,486,296
425,243,206
146,493,179
5,463,142
184,106,476
276,83,212
204,430,295
474,477,401
177,68,308
162,328,314
85,288,467
479,190,329
388,15,383
355,150,49
37,144,91
4,412,163
436,470,410
38,311,259
365,453,232
477,448,108
436,441,446
278,154,322
441,66,359
182,175,110
30,144,239
440,277,481
399,313,499
452,298,178
443,10,349
373,166,384
366,436,121
154,277,457
458,144,35
437,324,296
361,476,114
187,71,148
454,443,442
294,368,55
131,146,223
9,230,449
314,228,28
84,387,33
381,261,4
52,169,427
268,193,38
104,415,286
483,482,38
496,93,278
10,262,11
453,103,473
299,486,340
334,136,461
250,154,91
190,135,39
123,129,490
65,117,255
212,496,72
307,77,82
298,338,414
293,333,120
319,378,69
467,206,53
255,103,254
117,218,233
301,53,65
90,281,392
38,111,275
106,499,419
432,432,168
9,351,241
308,271,159
208,43,296
122,74,49
334,152,394
426,377,363
428,311,37
271,147,402
106,218,71
86,425,49
241,412,299
358,478,154
262,312,464
138,254,208
69,374,265
146,393,48
478,440,47
477,25,295
208,49,444
405,408,38
82,254,343
428,280,331
495,77,185
300,456,257
360,306,433
454,333,266
435,355,365
237,404,419
463,30,16
113,483,137
308,391,43
222,181,483
309,450,277
62,239,185
497,404,454
78,458,93
194,279,34
240,205,142
499,325,63
2,416,124
417,118,288
488,149,229
27,134,237
162,399,345
350,74,4
8,409,216
189,323,156
145,359,498
146,115,142
206,264,476
218,334,157
267,59,175
443,383,224
284,456,32
310,498,464
251,47,372
127,458,322
107,395,309
458,113,36
111,270,116
32,197,124
34,331,370
358,179,232
220,394,494
175,167,394
373,357,189
140,249,346
326,380,407
486,137,28
442,452,311
457,133,85
172,120,52
416,452,72
211,407,397
388,23,137
160,453,98
139,398,37
94,110,244
436,409,314
147,415,268
213,14,295
22,392,409
316,345,87
60,122,388
217,97,354
159,258,291
334,489,92
372,92,423
453,138,309
123,423,409
333,92,207
489,295,160
357,284,6
416,468,312
176,147,302
164,124,267
318,59,479
161,109,137
179,465,469
341,311,487
81,469,80
85,351,116
10,129,155
86,216,277
284,189,285
366,185,174
158,135,70
277,348,300
442,15,360
375,205,392
472,290,211
70,385,447
4,446,311
182,119,409
396,33,166
474,41,174
364,27,68
301,401,229
386,144,27
157,317,322
430,145,41
104,94,61
405,319,22
468,3,331
141,399,8
171,310,164
357,479,369
459,70,299
303,206,309
115,459,8
256,245,98
13,301,285
195,52,98
444,25,174
129,451,493
246,223,460
140,479,433
33,409,354
16,261,65
205,424,415
136,10,36
96,59,328
386,381,235
145,154,335
486,479,22
56,75,312
24,311,25
246,476,204
3,457,390
141,450,294
328,125,360
440,284,496
349,433,60
456,425,370
140,3,496
412,397,337
210,60,121
157,444,390
258,300,289
235,348,462
10,400,188
161,355,283
418,404,222
145,476,286
371,53,315
80,447,337
191,489,71
247,381,217
265,383,93
340,205,52
426,161,293
308,348,243
211,230,153
81,392,235
209,302,90
129,449,247
40,1,128
382,430,475