117,149
326,403
286,318
36,7
50,40
37,328
447,156
175,413
295,149
299,310
184,255
331,29
426,454
259,394
0,370
390,222
114,81
449,499
371,499
394,115
142,174
75,258
227,5
458,237
320,19
156,189
355,194
101,245
311,176
275,486
409,403
225,309
289,149
253,414
391,376
381,488
252,89
402,320
367,162
458,480
312,82
239,345
84,265
11,236
184,106
439,367
0,269
296,272
204,213
472,416
364,443
86,374
389,353
186,365
217,59
392,148
347,104
97,354
401,429
375,35
348,118
221,478
426,66
90,291
76,338
425,12
462,441
426,29
231,407
476,334
289,168
351,395
434,249
104,83
314,130
445,140
321,158
251,266
489,412
260,406
305,487
381,275
102,18
44,342
227,135
255,419
140,445
381,116
131,23
110,181
86,172
167,405
193,458
12,408
401,377
54,326
232,109
365,125
451,98
159,127
89,103
208,284
365,274
404,303
399,45
319,27
470,247
75,244
350,337
425,308
57,55
216,138
475,283
118,45
102,405
446,222
369,410
457,460
365,203
257,488
499,144
253,106
477,311
366,391
487,203
17,298
306,167
493,285
315,53
72,224
491,267
126,118
491,373
36,464
128,495
424,384
81,298
146,82
108,20
108,397
224,393
272,229
147,198
58,485
489,64
197,310
149,224
31,283
48,338
272,51
77,176
208,317
278,215
349,239
470,310
29,495
132,246
274,357
1,254
387,130
395,491
311,406
92,43
32,434
14,381
90,10
441,41
75,217
95,130
134,384
356,424
428,355
153,487
324,380
260,120
72,222
54,370
249,481
394,414
450,173
118,8
44,17
387,197
219,95
34,467
222,414
209,200
243,411
74,431
52,36
130,139
460,486
123,278
463,51
148,487
62,198
93,86
124,287
475,293
309,263
421,355
120,192
50,56
64,109
251,90
49,294
190,273
45,287
84,315
322,91
16,452
49,71
169,340
26,349
26,461
365,217
326,449
268,479
439,169
311,139
40,181
352,397
134,301
233,348
315,12
385,226
158,491
2,158
256,188
44,55
100,338
434,49
191,281
87,47
191,20
326,108
25,191
403,214
294,494
461,81
491,65
348,236
205,293
352,274
208,14
0,268
116,242
133,8
327,248
420,175
246,119
91,300
346,189
489,137
3,326
188,438
35,454
183,432
110,38
450,52
394,188
73,329
363,433
223,420
281,326
143,40
85,355
252,371
287,318
370,21
17,367
236,147
77,460
79,283
140,378
257,226
243,13
320,10
441,233
397,191
291,389
372,38
388,480
294,10
260,479
458,307
27,58
59,232
168,123
203,124
364,305
405,118
174,450
247,487
112,217
358,308
479,187
168,240
242,193
268,184
85,122
98,51
217,316
402,326
455,414
175,493
150,251
113,166
386,469
36,358
391,37
204,295
203,492
98,103
412,96
297,316
38,158
457,136
221,119
57,95
472,389
272,227
228,244
447,232
421,290
206,38
64,92
165,305
142,291
206,139
41,420
256,328
231,80
300,491
432,88
148,429
170,109
464,105
17,127
273,303
369,328
226,313
159,88
279,60
332,252
432,395
157,72
434,419
112,10
477,132
340,427
242,179
73,481
418,93
259,246
8,247
212,363
271,264
77,311
378,498
1,340
437,308
134,390
39,366
353,104
174,470
81,171
84,13
436,77
355,432
314,191
451,81
417,476
389,187
322,314
80,349
140,258
116,102
93,272
170,115
99,129
279,338
194,194
226,32
301,78
385,485
11,163
76,207
200,430
352,165
217,189
459,479
31,27
97,264
461,379
381,80
8,9
134,240
384,363
372,26
35,75
363,122
330,99
257,267
492,121
301,207
186,485
388,51
465,350
409,423
307,288
218,191
309,273
33,3
331,69
457,25
398,469
81,364
314,149
143,456
499,66
151,473
498,68
223,209
346,263
127,299
214,425
394,394
499,248
143,476
61,98
50,164
338,19
15,370
280,42
170,306
88,156
238,234
221,242
484,350
362,371
251,147
260,79
493,160
288,30
64,10
377,360
64,342
87,81
10,490
47,90
178,29
67,104
207,463
162,293
442,236
181,269
413,280
177,390
6,237
313,16
25,195
425,344
136,26
469,352
297,121
467,77
6,81
204,61
448,40
466,336
54,209
255,94
110,154
394,357
298,14
295,354
409,76
441,354
257,417
452,464
305,86
442,182
303,86
447,316
251,256
264,359
448,496
112,425
413,48
479,38
101,429
380,254
424,376
438,19
185,464
44,159
320,490
357,11
257,37
312,332
164,348
81,69
256,321
200,350
411,223
235,200
107,188
370,42
491,5
92,256
298,56
189,287
332,29
279,191
392,185
323,233
197,451
12,411
354,152
423,386
422,39
142,74
164,130
215,78
436,56
98,144
122,8
83,188
408,198
465,465
140,25
48,468
284,290
454,206
241,153
322,76
408,419
449,310
327,495
345,253
5,61
24,498
73,407
398,61
385,166
474,138
272,327
203,304
368,49
330,364
34,73
295,465
224,60
312,186
482,51
262,251
6,71
315,446
161,179
407,454
278,21
108,231
461,195
20,282
418,476
201,210
245,38
491,324
294,109
382,307
203,410
176,65
161,47
311,91
444,448
216,492
391,90
487,302
347,63
331,185
201,262
426,284
174,494
198,457
131,443
296,317
430,468
161,146
416,28
363,387
167,8
370,442
260,490
468,396
289,457
64,245
445,156
6,158
88,432
88,481
250,434
349,260
201,126
131,55
202,355
208,264
294,324
41,341
258,41
142,225
73,415
307,275
206,109
181,476
221,172
354,311
307,442
149,36
242,223
61,447
420,228
397,328
365,409
402,68
104,375
318,197
293,219
376,178
29,194
58,358
143,438
322,256
167,2
234,57
202,423
3,446
269,18
23,193
51,282
179,255
206,390
8,332
254,452
268,334
52,463
389,287
310,427
153,279
393,499
101,19
465,350
320,173
405,255
169,0
201,427
246,315
260,405
115,410
140,10
149,32
210,483
395,493
452,485
292,16
81,328
53,58
99,136
414,451
484,432
192,109
63,68
445,391
159,222
448,118
250,393
236,48
240,4
272,182
47,210
497,0
243,286
312,113
19,201
92,413
143,424
23,284
497,441
433,431
382,378
338,322
310,90
174,293
480,199
487,364
377,25
246,359
164,357
450,290
11,410
210,98
308,437
471,5
91,387
39,184
233,49
417,144
42,151
277,203
413,199
393,465
48,178
41,295
231,485
120,183
109,161
496,78
394,199
136,360
132,84
353,370
265,206
114,209
467,306
302,490
459,246
493,150
240,145
320,270
92,77
269,481
117,44
142,154
190,12
5,472
61,278
69,480
453,418
45,50
113,318
114,191
471,84
196,323
247,434
301,404
160,253
278,497
417,386
227,53
218,170
186,11
314,68
138,326
485,305
89,77
299,327
227,226
56,131
165,88
299,130
118,468
9,67
319,321
495,459
25,316
445,90
24,379
239,450
7,144
377,138
103,315
42,381
367,310
334,69
101,137
121,483
78,214
93,337
79,358
252,344
467,126
107,83
275,342
91,480
314,299
54,98
166,456
122,117
24,63
445,235
491,2
9,303
276,291
256,440
434,480
216,479
457,419
288,462
94,478
451,335
481,319
31,24
263,8
67,277
200,286
46,332
12,87
171,389
494,86
392,155
114,411
399,434
348,16
269,499
213,368
351,437
222,199
84,306
258,231
229,251
293,374
372,213
419,304
22,265
311,12
175,99
12,438
324,416
146,100
77,121
245,368
27,484
56,39
262,98
394,220
291,338
269,403
215,10
89,340
315,108
338,31
421,288
262,95
49,149
148,484
345,205
322,58
11,499
83,392
84,456
295,409
130,366
231,354
247,238
381,349
38,60
321,406
168,81
192,129
352,381
450,275
183,307
343,374
162,118
106,237
290,449
286,232
218,279
454,2
329,326
376,393
147,119
223,235
406,335
445,127
274,16
88,126
161,194
341,136
429,109
383,78
220,349
210,11
27,241
352,100
276,429
26,373
13,87
256,34
6,174
474,194
414,138
390,180
299,59
487,332
272,380
313,372
391,228
332,384
252,305
484,279
77,433
10,321
206,490
360,147
64,41
26,483
134,492
385,305
15,493
310,409
331,372
88,462
110,357
272,276
171,37
38,392
138,272
232,413
336,39
235,339
229,321
22,460
16,352
455,26
487,386
109,437
481,119
120,405
381,308
225,7
498,327
433,165
449,386
114,149
204,278
45,130
100,310
389,202
381,172
89,238
66,228
193,46
136,371
145,152
53,247
480,230
122,294
23,1
326,312
317,213
25,248
398,458
173,495
48,309
60,59
396,421
164,251
202,265
262,319
459,67
160,272
308,474
322,154
231,397
71,50
479,333
385,415
498,186
392,413
279,197
279,66
210,488
386,272
343,227
20,179
54,211
497,216
41,6
472,140
177,300
206,164
316,433
270,389
405,235
246,403
109,126
332,331
304,238
475,215
236,2
41,147
14,252
485,194
249,305
2,274
37,127
478,453
195,44
17,193
283,111
378,387
382,379
40,275
411,228
327,288
2,391
311,240
367,32
42,239
333,95
37,374
463,336
239,322
421,176
450,359
52,262
188,391
347,54
183,91
177,265
151,246
273,114
112,120
437,49
279,447
476,95
52,14
311,258
290,15
445,331
20,11
472,18
209,155
108,145
321,98
88,410
301,254
132,67
373,313
228,7
284,21
51,339
349,0
189,470
310,491
384,115
405,97
243,274
208,432
172,22
189,436
130,102
155,183
91,74
413,30
288,281
25,19
209,189
290,319
369,235
91,23
165,486
395,206
129,251
161,158
195,179
480,381
21,349
121,67
495,54
290,71
346,279
199,78
404,298
24,431
259,386
117,430
481,453
487,344
42,199
176,193
230,9
310,385
323,284
425,227
292,153
230,468
56,302
369,377
36,339
303,269
91,166
389,445
168,268
25,9
115,234
470,448
409,261
403,1
126,130
101,214
161,261
406,181
3,93
51,10
326,338
339,343
429,235
242,104
93,171
244,492
322,47
90,308
447,305
427,27
113,4
484,78
139,412
38,283
51,449
274,485
65,52
223,179
485,62
25,174
120,358
169,349
40,470
304,436
177,98
433,489
247,457
375,140
61,120
298,469
413,17
9,408
462,161
309,408
144,382
156,205
286,165
0,404
322,367
33,266
434,3
118,390
298,57
361,247
40,486
377,94
383,41
448,325
269,372
375,114
72,104
397,366
347,143
205,302
138,308
92,75
107,402
370,38
121,29
430,336
19,6
284,320
255,318
376,156
445,55
497,177
318,279
55,420
130,370
420,205
289,174
221,458
55,274
229,317
192,296
26,171
67,84
375,258
379,483
327,287
367,461
37,141
438,259
51,9
131,256
236,47
448,115
204,225
63,250
174,155
491,275
134,348
283,164
226,137
92,308
87,403
402,477
69,287
389,273
159,190
395,263
150,367
457,226
290,293
403,200
174,257
245,493
192,106
204,302
297,411
347,294
380,427
494,141
250,77
281,56
77,438
194,389
454,53
66,72
166,9
337,390
45,234
8,458
303,129
25,210
415,98
350,101
156,149
117,211
476,313
440,69
461,94
195,327
28,25
209,124
52,218
388,18
219,426
351,171
168,303
359,352
185,109
211,296
61,426
468,8
255,418
192,491
81,378
23,41
391,115
100,22
364,212
366,18
304,493
414,123
161,82
162,491
435,195
496,275
250,394
305,369
186,208
258,450
403,137
65,267
285,448
289,123
275,10
99,115
423,455
89,295
385,138
65,53
497,251
447,406
444,424
164,304
379,111
375,271
146,336
266,273
84,106
446,387
28,197
20,465
33,20
316,230
268,325
360,44
490,122
399,106
17,437
157,42
380,276
197,269
103,311
73,3
77,63
126,440
60,121
421,112
186,436
91,424
282,261
481,273
67,489
303,211
347,453
70,250
153,461
110,49
236,117
499,425
19,486
420,41
317,446
445,244
398,484
250,182
64,166
445,388
32,33
481,264
230,259
430,366
372,228
461,254
203,147
375,115
424,159
30,411
237,439
101,36
372,63
281,283
253,394
214,210
457,180
152,25
496,96
83,493
323,464
293,488
135,41
238,44
14,486
155,108
271,240
136,318
202,405
320,176
474,203
284,125
470,352
52,359
283,495
469,351
432,449
268,412
69,366
408,401
210,348
199,303
424,219
455,117
234,214
360,332
201,365
446,297
206,320
180,137
270,449
85,111
24,259
168,174
264,483
124,375
336,447
109,405
431,326
489,324
437,486
399,163
364,146
405,124
118,416
190,319
426,494
478,466
470,318
395,164
20,344
358,356
151,69
271,413
448,113
111,41
42,145
162,66
219,124
36,409
150,413
441,458
37,346
477,493
489,327
156,56
405,216
423,369
164,65
440,112
255,474
56,202
167,120
89,321
180,119
468,472
178,453
253,265
81,116
414,450
36,96
495,422
404,492
183,306
64,195
120,201
281,427
481,220
62,198
321,266
117,405
304,52
353,194
290,477
285,453
468,118
492,411
0,77
292,328
337,351
76,163
39,300
420,372
29,55
400,191
140,335
189,403
205,183
121,199
472,57
438,260
28,421
385,331
162,101
137,255
217,304
7,6
177,154
327,171
441,375
392,251
151,212
224,108
130,39
192,359
223,197
75,174
37,199
475,300
271,399
360,238
65,93
292,414
226,114
119,109
264,460
92,494
491,52
123,350
420,301
435,53
247,290
264,195
288,156
1,214
194,378
323,52
350,390
490,61
454,157
142,497
367,326
414,368
342,367
1,458
3,453
369,226
344,360
141,406
496,104
368,18
195,206
452,90
195,210
482,378
113,234
123,329
386,36
251,330
66,286
158,212
494,463
188,223
366,77
115,204
301,234
380,406
162,412
63,156
217,267
472,465
343,121
194,430
492,456
67,318
109,216
103,91
293,347
474,337
173,499
433,225
129,208
449,40
31,448
310,390
447,267
435,10
268,435
408,356
189,137
470,42
88,442
230,120
113,261
448,354
269,218
123,205
154,136
134,235
106,40
283,15
402,392
4,449
200,143
55,362
22,366
211,153
412,67
321,390
278,237
114,428
234,253
185,23
484,348
433,51
315,271
41,124
385,292
392,471
312,414
450,173
127,0
35,435
52,299
488,350
11,131
375,290
57,396
28,103
356,10
304,176
138,378
245,44
50,360
208,222
490,143
394,424
471,420
286,292
231,323
233,364
293,474
56,381
392,240
227,259
281,107
152,334
67,295
490,281
281,56
291,104
51,78
321,113
275,360
160,489
3,214
134,480
259,392
57,139
112,380
347,241
64,499
432,490
50,373
436,388
147,228
180,320
283,456
378,105
190,277
441,336
422,352
54,433
374,363
134,301
373,137
286,477
177,278
178,207
24,261
383,184
207,120
378,422
51,104
309,215
253,123
156,247
394,470
2,304
33,256
483,304
288,450
78,333
298,40
296,24
243,494
196,275
110,336
50,186
25,151
102,389
79,210
478,473
354,492
465,148
293,208
207,99
59,291
118,87
106,381
323,139
0,181
470,390
428,83
420,113
442,144
338,296
461,449
487,266
398,417
331,394
437,305
312,226
111,217
291,87
187,401
267,268
119,457
49,156
40,283
219,497
411,332
24,103
354,310
199,114
437,441
196,158
170,104
152,297
349,323
140,143
114,355
143,313
357,366
45,402
406,250
193,108
170,57
265,76
323,260
325,418
21,232
405,379
387,113
3,236
295,230
413,65
66,357
161,143
80,33
95,444
332,190
388,361
385,2
99,384
375,278
22,480
201,479
124,230
481,220
91,80
423,249
378,157
75,349
151,155
241,53
266,41
79,317
173,44
386,0
324,126
107,246
222,274
101,94
8,175
167,496
174,31
211,412
139,468
287,373
74,72
389,11
166,10
257,348
464,77
379,321
448,200
34,214
321,355
33,300
182,118
106,299
5,431
229,424
485,114
407,31
253,386
266,198
0,279
186,155
196,320
54,481
253,267
381,295
343,475
241,469
88,350
434,224
48,239
75,196
143,239
50,228
314,497
454,270
155,64
105,250
214,50
41,203
21,138
464,25
143,254
41,45
181,439
198,470
251,355
419,289
458,138
353,312
347,121
391,388
111,340
423,325
30,89
22,363
3,302
474,272
218,492
185,254
241,215
94,26
193,123
304,46
269,316
443,487
449,122
111,272
380,323
175,324
112,131
411,354
91,51
452,44
184,450
9,265
196,428
163,37
436,488
161,79
176,149
425,281
116,93
220,56
43,211
394,183
304,323
415,7
446,128
85,433
45,174
285,392
495,330
341,249
94,236
372,449
155,352
430,98
323,116
228,454
243,462
208,377
457,413
306,31
335,74
417,55
188,18
137,330
161,135
7,147
411,345
456,451
298,446
16,250
356,281
153,66
168,308
88,216
252,441
119,449
414,497
441,121
115,481
437,188
323,365
354,423
209,334
441,378
462,58
383,36
77,171
369,403
230,251
442,214
433,228
224,165
108,96
209,493
336,335
229,213
35,148
137,465
30,371
270,17
334,393
12,362
451,459
211,453
102,72
151,237
324,0
4,12
467,208
124,453
287,112
430,305
43,218
9,241
372,204
241,400
23,39
191,434
42,475
74,421
135,346
426,255
21,79
319,145
297,397
51,3
226,393
498,377
167,385
381,162
256,285
477,496
99,180
31,465
225,440
416,338
286,159
249,133
455,496
137,460
74,382
45,301
155,48
350,496
69,169
258,122
77,463
230,464
276,407
260,140
29,207
88,20
385,296
457,123
431,171
70,210
424,348
15,348
388,83
130,83
379,367
267,324
154,124
16,429
222,473
115,45
334,67
446,136
158,305
216,237
145,24
213,139
349,143
357,392
135,77
223,333
428,67
105,139
354,58
95,390
119,253
8,225
200,132
74,469
289,149
98,91
29,52
20,465
372,322
349,53
84,338
475,399
176,253
419,0
470,264
359,392
277,356
386,176
351,370
223,296
324,341
426,253
58,465
270,151
154,158
346,27
397,398
127,204
332,152
366,372
470,186
436,273
51,330
426,278
342,65
167,160
41,101
1,343
349,373
391,394
53,419
366,82
352,273
376,440
395,81
310,349
97,80
442,292
301,14
415,22
34,229
209,298
403,144
26,4
126,263
175,268
7,148
77,298
102,68
456,128
137,328
378,156
293,175
301,210
144,402
62,474
99,347
165,129
498,259
362,2
105,63
435,345
336,458
296,414
483,321
477,299
27,180
478,157
480,149
361,318
327,343
458,117
277,218
115,397
111,213
388,131
270,81
461,343
326,396
407,128
339,390
229,77
271,50
467,264
359,316
134,265
126,396
356,46
224,430
251,303
249,227
305,109
8,205
222,129
11,364
413,494
181,494
346,255
159,333
165,360
10,323
276,389
50,495
99,142
107,431
461,210
400,1
412,14
232,76
158,336
198,343
2,21
290,37
358,5
427,126
43,31
464,390
192,425
470,432
332,290
239,81
305,438
116,47
458,471
470,36
29,478
104,444
152,426
130,80
251,289
365,417
149,44
294,477
432,394
98,185
102,280
364,360
79,428
158,224
150,144
126,207
492,403
295,365
128,279
57,357
288,154
311,486
297,46
57,208
313,451
2,448
278,449
222,297
68,192
317,193
329,485
139,408
41,414
273,451
352,61
11,398
404,265
168,40
356,19
138,244
87,169
375,153
140,165
324,346
86,81
414,253
435,78
183,39
333,451
382,190
192,216
331,465
193,152
369,448
209,121
300,464
163,43
467,306
59,344
471,217
362,399
267,453
95,290
276,496
316,135
188,129
319,204
206,264
358,119
165,57
481,21
189,379
455,1
97,445
115,262
347,273
60,478
26,457
85,335
382,488
387,405
197,261
410,57
356,194
242,204
356,464
75,303
51,115
324,124
110,190
5,43
228,30
436,303
82,400
150,120
223,497
468,453
252,5
236,282
292,368
35,106
54,277
308,355
76,43
123,435
424,395
69,498
178,49
195,338
308,268
102,8
29,389
209,176
142,218
474,329
20,452
416,358
180,419
447,153
484,488
218,279
318,190
74,405
76,156
67,13
6,478
76,445
498,67
452,269
209,208
440,228
310,111
453,482
492,263
14,357
397,324
55,451
356,235
120,258
415,125
1,163
186,253
105,209
351,219
419,161
75,346
189,377
47,290
202,262
357,193
225,155
249,1
280,267
123,420
301,78
315,270
370,313
124,467
420,185
139,377
272,475
195,285
213,474
187,316
111,168
96,12
65,178
333,250
283,0
6,259
106,398
400,357
80,337
114,192
53,297
253,41
45,388
142,321
73,44
210,441
128,423
175,341
126,260
233,238
386,433
225,432
282,184
5,277
173,443
334,246
78,477
124,288
40,50
315,346
497,247
335,89
353,400
321,468
295,315
201,487
47,103
352,244
494,61
99,295
3,186
91,495
345,337
89,348
207,132
134,187
64,195
343,264
42,29
474,225
4,13
20,97
265,489
316,311
9,409
366,45
468,326
74,120
254,169
392,487
117,51
15,312
394,208
250,147
27,478
438,339
474,216
144,274
51,411
248,5
288,464
170,9
462,239
453,484
78,169
245,36
45,446
47,75
440,334
496,108
468,386
338,474
185,381
243,436
3,358
428,53
378,38
331,53
347,435
318,460
72,412
287,171
437,326
341,74
262,365
24,213
373,185
241,232
64,96
218,49
336,333
257,228
85,146
168,23
274,419
276,344
273,484
435,328
320,301
213,118
167,300
247,433
6,112
292,187
424,205
120,51
25,81
286,245
89,166
26,214
130,137
332,263
304,279
205,472
422,122
187,118
188,421
177,164
211,66
397,203
464,112
498,209
356,421
19,402
39,80
193,154
349,180
137,490
202,223
257,409
366,478
384,379
476,454
54,291
272,347
130,417
208,205
25,3
128,481
272,68
35,406
265,344
182,237
199,264
159,474
62,257
442,240
175,413
460,389
198,252
245,112
479,49
30,296
343,362
125,466
118,334
100,134
313,374
80,19
486,23
338,121
462,135
225,145
392,443
495,308
188,124
215,332
182,459
288,344
400,4
483,395
312,446
430,73
183,398
453,54
487,469
387,180
267,31
499,112
80,458
370,148
289,128
280,180
289,346
262,15
226,51
22,213
178,401
150,467
441,122
228,387
441,34
7,283
34,341
68,329
206,133
304,181
441,427
377,83
259,195
257,219
447,477
442,219
364,278
120,217
16,120
385,326
456,143
342,358
306,22
160,165
178,102
302,31
144,337
255,390
160,66
440,234
328,96
111,482
407,242
271,468
487,144
444,189
333,88
75,109
493,472
95,7
265,111
35,158
410,270
152,499
113,166
356,154
477,327
125,108
74,65
88,331
360,364
124,422
214,265
111,396
157,385
117,248
57,360
64,22
366,15
81,365
273,180
80,184
494,143
220,260
406,279
206,473
397,325
223,57
469,149
161,190
147,268
454,103
156,379
457,67
169,26
163,366
192,487
437,152
366,62
344,55
293,55
30,66
271,60
344,21
378,97
102,45
139,285
98,56
286,149
5,348
363,113
152,126
219,417
211,62
490,414
137,392
497,341
95,173
294,63
403,466
11,181
497,303
460,420
53,160
389,149
192,463
67,279
82,281
476,351
381,226
234,293
15,152
109,7
302,112
53,104
488,441
162,108
447,397
296,69
99,438
47,97
315,118
447,219
351,132
237,224
40,376
294,345
218,253
158,163
414,217
133,370
47,413
110,159
287,444
445,85
44,463
483,26
242,379
449,220
209,338
318,362
239,319
425,185
110,306
491,110
260,29
182,210
321,103
16,21
22,90
336,118
121,238
134,396
324,236
402,403
147,408
365,110
258,57
81,462
148,412
320,219
143,441
324,414
8,130
463,143
368,292
240,158
128,31
66,194
414,94
10,33
444,173
340,415
326,461
160,130
190,422
285,67
32,463
271,75
237,134
443,317
64,306
427,104
74,35
257,177
271,453
260,319
166,170
198,135
443,394
427,34
481,425
31,414
327,440
110,210
248,492
12,411
2,108
35,464
156,269
50,184
76,97
438,172
100,282
160,359
396,65
189,463
438,292
97,191
35,196
463,46
397,95
107,348
271,361
221,106
344,462
14,4
128,74
194,416
113,13
105,110
70,262
384,136
435,227
27,135
156,182
108,227
320,320
439,108
70,39
81,411
55,377
496,277
116,236
465,155
251,376
461,494
52,62
330,225
461,155
405,314
123,44
425,69
362,22
368,217
397,181
215,401
74,359
132,371
255,422
466,477
337,274
72,288
203,383
96,66
233,107
476,263
320,497
364,456
217,201
334,157
133,490
326,150
167,287
110,1
258,206
219,134
171,488
243,371
135,166
34,199
153,8
471,111
434,272
219,29
490,270
230,73
172,148
151,253
348,433
295,252
376,74
298,151
197,337
392,68
131,134
255,489
443,365
114,161
206,119
331,194
22,468
15,432
146,493
458,410
231,341
494,207
458,176
192,406
150,1
462,451
331,33
300,90
17,98
278,227
247,476
316,65
163,236
293,459
130,370
467,469
246,369
475,95
488,354
197,205
420,317
482,215
172,174
246,332
241,164
370,47
369,300
490,437
87,345
373,342
201,455
65,478
363,410
407,192
45,449
288,207
110,24
10,133
477,416
482,498
409,94
262,329
318,268
293,306
96,227
378,136
38,96
258,130
164,126
432,145
193,481
91,104
352,455
353,353
399,37
311,340
219,17
26,414
323,330
348,132
7,7
308,130
214,117
300,155
459,240
300,151
381,6
356,105
62,5
383,146
234,27
352,66
78,276
431,114
363,335
24,140
441,248
447,108
268,154
48,263
490,225
111,50
29,448
392,68
168,215
384,189
65,228
396,465
381,255
116,381
328,18
389,104
181,295
16,333
193,159
473,25
144,488
447,273
332,159
207,303
318,315
77,346
81,334
248,375
190,7
417,334
158,449
350,382
186,363
466,62
240,303
285,397
192,314
130,417
142,103
452,84
208,0
289,392
293,442
468,130
220,303
371,286
390,47
101,481
46,300
485,203
398,240
286,119
256,418
204,370
65,360
28,173
95,303
397,280
205,136
267,377
290,364
125,216
255,352
300,373
411,339
90,279
319,240
341,412
375,424
43,395
386,477
191,441
221,42
115,194
239,36
239,448
386,361
123,302
198,71
100,90
319,107
163,99
286,341
393,70
217,437
313,293
227,272
25,385
395,349
61,313
268,93
326,407
207,486
49,77
407,433
372,264
421,41
198,339
487,125
276,211
42,476
261,256
264,67
250,211
313,331
311,294
403,369
425,474
1,352
340,472
445,299
74,64
173,204
131,274
251,457
276,302
449,177
495,447
373,163
265,53
235,388
135,421
429,183
431,94
36,362
363,269
456,299
200,404
138,9
172,465
14,261
310,307
328,5
80,391
404,76
475,217
22,321
71,325
113,358
122,377
296,45
406,441
469,422
343,114
122,195
91,348
435,81
222,302
106,264
223,120
476,303
384,397
56,53
478,379
141,436
424,397
113,376
298,207
32,476
43,281
44,210
284,298
302,153
468,168
387,233
80,185
387,466
344,380
438,448
228,191
273,383
410,481
135,64
370,464
224,461
424,201
496,443
313,472
141,17
315,195
131,252
187,79
17,25
259,14
361,259
386,440
126,128
164,137
378,7
110,200
170,97
329,46
154,57
260,469
437,212
225,69
294,77
85,74
335,38
144,120
455,166
163,59
59,424
442,461
354,184
158,19
481,76
59,393
202,200
408,463
132,36
4,429
400,185
401,469
288,308
144,60
122,23
367,399
165,49
207,174
283,352
491,300
34,229
382,80
132,277
445,51
302,380
476,175
165,200
331,297
217,147
107,468
124,424
331,413
288,440
220,454
345,430
152,79
380,142
18,61
352,428
392,308
266,371
207,283
462,213
432,46
242,46
116,255
131,133
217,41
307,8
261,91
16,499
5,306
104,345
378,487
446,255
40,196
153,210
307,9
333,488
251,339
466,66
269,353
113,129
36,187
10,127
126,484
368,433
314,315
257,424
244,250
22,208
29,272
55,490
61,30
55,205
236,137
270,268
332,482
80,380
157,86
102,176
334,461
85,131
472,443
480,125
398,242
452,79
287,223
118,377
337,156
136,273
19,39
157,414
278,34
242,111
41,79
483,30
407,98
72,58
350,337
164,437
181,68
348,79
235,319
289,320
407,61
268,404
273,54
191,441
51,266
145,113
489,253
312,227
331,203
183,469
228,186
394,136
112,402
22,56
336,473
334,375
315,224
424,145
461,378
250,161
374,64
80,351
225,457
50,417
231,361
163,141
11,366
282,390
45,470
350,175
487,300
169,294
448,373
142,120
51,287
395,342
73,158
482,496
119,387
20,298
354,174
277,49
446,116
283,427
162,335
360,291
306,330
27,348
491,256
223,190
272,96
37,468
190,343
337,72
45,319
83,476
262,276
367,289
169,101
1,19
176,69
317,441
491,444
308,155
268,278
296,354
123,122
149,355
178,335
340,476
70,196
494,108
241,350
206,450
457,273
29,382
463,308
399,24
325,341
479,30
186,169
363,484
100,60
22,319
32,106
347,343
282,399
134,50
276,400
419,483
356,379
423,371
190,56
451,396
237,330
476,216
371,211
358,209
211,479
29,107
238,48
489,370
142,459
386,442
335,387
248,381
156,128
214,376
259,229
50,270
161,419
77,478
81,99
171,252
149,267
285,49
418,158
484,496
184,217
219,124
61,329
495,219
161,404
411,39
100,280
26,261
283,203
287,305
21,9
64,446
421,100
352,447
241,159
347,117
495,481
177,392
196,240
294,45
41,470
477,70
310,172
312,98
47,283
100,51
270,105
271,142
175,217
38,82
291,34
62,254
176,310
71,177
378,302
383,172
238,283
412,139
140,141
1,420
135,307
172,437
198,299
66,333
243,106
16,255
375,261
137,134
389,269
233,217
404,233
184,51
343,198
146,331
268,343
259,147
133,43
10,19
327,48
51,450
266,405
314,44
415,356
336,218
237,394
264,494
309,164
87,19
89,437
340,14
68,250
168,52
300,190
183,385
170,454
208,149
443,464
23,242
117,193
39,393
36,128
44,470
35,320
7,103
354,181
369,56
281,322
466,118
177,460
498,159
179,263
339,275
71,468
195,225
326,221
222,483
471,384
92,47
252,179
323,479
40,401
271,133
15,392
427,126
394,307
92,489
330,250
454,123
92,420
343,88
453,333
473,393
16,458
192,66
197,119
13,324
163,135
418,121
306,63
321,23
485,305
101,194
438,263
252,421
48,145
387,317
48,184
276,190
273,329
458,423
462,130
96,53
349,24
443,228
257,267
366,466
433,446
72,288
180,198
193,18
426,343
150,419
241,174
479,179
214,114
415,290
70,242
39,183
468,248
461,413
181,4
133,497
75,144
129,413
12,144
284,377
171,9
9,353
221,115
86,467
226,401
333,295
143,54
72,57
211,186
285,254
190,422
65,47
150,269
321,159
350,87
339,339
298,24
475,317
400,467
270,79
388,89
364,302
435,122
450,399
495,327
171,481
416,193
112,173
238,73
311,436
222,405
41,187
351,492
101,317
142,114
225,6
27,207
127,59
283,15
485,458
130,318
146,171
34,117
333,262
163,497
368,29
311,173
58,186
22,304
58,366
354,209
284,44
308,343
171,149
423,159
233,229
166,268
78,221
438,431
455,427
22,41
492,358
362,35
150,459
20,197
187,57
65,295
371,182
121,404
112,294
214,68
182,257
218,153
84,413
282,342
408,278
474,489
78,431
11,359
357,246
395,347
127,400
439,407
271,475
33,67
296,212
221,464
212,105
159,416
64,256
54,66
355,370
475,436
243,140
202,302
111,412
122,49
159,16
368,160
34,11
48,387
318,61
420,305
147,498
128,271
133,394
464,295
60,480
458,339
366,245
214,158
20,420
218,236
35,65
483,447
313,419
427,286
324,39
59,390
375,391
197,151
128,211
234,257
403,367
357,346
148,221
332,365
352,7
333,427
461,286
230,177
53,278
61,82
494,443
34,348
80,156
322,115
412,418
242,377
464,208
386,92
292,130
420,342
175,432
190,280
44,45
483,383
88,389
266,35
317,353
28,153
410,402
280,37
110,97
186,153
223,109
5,118
91,198
286,245
85,75
117,401
2,405
175,223
144,131
131,250
121,133
206,303
241,496
354,422
269,347
382,51
328,113
44,115
452,187
418,42
218,445
351,78
459,45
97,131
123,273
370,307
405,235
40,128
153,486
452,381
82,319
460,422
163,106
365,148
456,355
99,257
390,161
418,424
13,375
171,478
23,90
150,258
189,223
78,398
58,169
87,207
164,434
286,362
96,132
276,373
430,267
434,3
241,480
61,59
125,297
115,328
266,326
148,294
254,340
32,152
4,460
205,152
96,293
413,215
287,375
335,414
239,460
67,306
212,441
209,251
433,344
142,157
330,446
113,168
248,484
85,414
0,452
408,427
133,326
289,213
452,16
424,498
34,164
366,228
133,316
412,111
81,220
476,158
326,21
142,155
482,53
150,345
200,328
424,361
252,422
134,265
151,375
26,286
184,380
282,144
245,34
337,360
96,305
356,417
429,264
295,68
357,281
251,27
245,373
187,382
53,365
47,266
440,278
205,421
17,391
344,2
384,87
236,349
499,495
391,332
121,102
254,143
212,494
411,234
403,134
259,121
419,135
225,467
472,312
278,184
220,259
8,42
223,285
157,396
489,298
58,226
157,399
305,496
456,265
60,29
87,215
491,51
482,468
388,186
293,194
28,179
77,295
254,101
16,390
377,130
347,46
10,187
132,108
315,342
344,86
288,52
451,449
12,240
419,91
356,26
316,486
287,218
157,438
246,321
477,474
411,106
264,379
66,331
92,472
332,193
497,429
36,291
185,379
333,83
142,54
205,280
337,276
483,164
20,322
215,304
412,380
396,326
57,104
213,247
44,164
133,115
50,390
428,238
471,70
218,101
246,396
478,138
5,42
313,121
157,325
282,253
286,308
270,67
473,147
106,161
484,323
140,102
432,217
31,14
87,449
63,490
488,448
332,210
446,155
492,399
173,45
479,172
308,291
107,180
217,54
42,291
308,121
392,23
367,402
215,153
395,160
204,197
255,479
291,367
477,484
372,408
11,84
82,357
380,52
299,298
253,94
321,172
344,491
278,145
22,197
482,457
105,44
330,127
216,134
175,44
155,471
174,285
71,55
331,232
268,147
0,205
268,320
30,96
12,320
224,149
161,5
369,73
367,88
264,71
110,287
139,264
314,196
213,93
227,422
309,186
403,305
268,108
382,162
371,15
308,461
49,247
405,460
279,273
215,305
263,307
310,275
353,268
104,489
317,29
112,125
65,341
236,81
266,396
108,349
102,325
324,113
377,286
402,40
478,261
23,282
330,29
303,426
207,13
187,429
146,465
433,272
447,147
237,160
350,33
350,205
180,471
388,112
101,295
31,62
444,209
109,307
193,45
166,408
1,92
73,105
165,420
448,258
270,435
485,249
337,179
119,362
72,391
480,447
167,234
244,451
182,438
464,149
412,160
70,493
329,115
93,315
441,227
45,141
296,1
3,45
350,61
180,319
208,327
120,85
165,74
290,397
116,211
216,391
219,314
372,80
449,348
450,491
174,398
221,492
463,213
305,235
185,479
204,362
138,226
256,419
379,124
441,157
66,344
80,258
67,323
347,491
218,22
182,160
33,260
87,118
212,324
262,203
275,43
23,302
171,248
344,168
232,460
88,11
15,409
482,141
55,58
8,312
192,217
91,278
272,186
140,212
359,180
226,142
146,499
79,414
291,373
484,272
75,285
436,82
72,66
185,24
456,340
399,425
451,294
431,90
481,384
92,251
279,123
17,327
300,243
369,35
194,274
213,224
403,84
300,156
257,287
17,444
116,64
343,320
487,147
465,323
384,189
130,433
482,392
118,359
433,425
492,34
427,473
293,184
437,333
5,464
482,40
70,476
73,451
4,6
219,242
481,469
323,330
38,79
486,71
59,100
55,131
49,73
91,216
257,406
487,187
54,25
378,350
196,389
43,213
215,151
464,222
482,121
68,410
485,101
204,24
499,345
484,61
187,381
346,86
297,436
192,27
232,89
38,444
163,414
248,398
356,15
290,135
386,318
443,295
283,487
311,0
150,64
463,341
180,162
460,131
370,18
348,272
479,234
178,370
479,352
58,321
2,474
232,33
376,193
370,62
203,325
233,149
312,109
65,368
40,124
388,147
278,475
480,428
361,485
250,72
4,146
140,394
182,276
380,108
136,69
247,438
26,410
172,217
425,424
261,53
140,187
136,390
491,347
467,80
453,178
478,322
398,124
278,63
287,445
224,484
94,323
133,365
199,268
329,219
201,318
383,230
16,66
498,321
379,163
405,427
413,485
305,261
189,471
413,282
262,9
493,434
374,86
124,0
7,457
444,215
160,99
255,428
339,483
290,330
23,2
151,363
477,342
488,403
493,418
284,348
482,227
83,193
260,118
377,239
17,163
468,425
266,362
305,59
365,40
90,483
220,105
483,137
302,293
287,238
206,205
207,380
320,165
25,165
388,264
331,477
298,52
139,457
448,403
462,454
367,195
89,295
237,419
32,441
156,34
430,105
476,373
103,303
287,425
317,410
246,335
178,407
485,9
123,359
68,226
65,34
261,338
146,286
421,284
463,486
78,465
121,220
315,469
247,369
124,308
169,132
270,24
30,172
435,27
381,284
43,269
415,262
442,414
198,17
410,373
361,189
185,257
135,203
492,34
423,289
430,279
122,451
344,150
480,433
284,172
212,291
353,385
298,292
319,448
436,134
38,5
95,485
124,60
405,382
209,203
227,412
406,388
339,212
468,325
359,438
330,181
74,4
107,352
396,97
87,122
418,223
411,16
165,439
308,236
43,46
455,237
436,302
8,328
358,93
183,10
152,447
480,309
413,203
331,257
165,136
258,309
462,458
208,59
189,355
368,39
241,245
158,75
44,10
323,327
165,444
271,40
289,255
468,14
202,28
134,481
187,159
490,92
73,305
112,10
469,124
241,55
426,477
343,205
374,457
343,80
345,324
257,287
360,90
126,391
469,303
37,363
324,347
456,409
95,75
17,344
444,115
254,145
91,153
408,116
27,355
309,473
386,121
293,348
404,350
456,499
118,493
374,291
327,247
271,367
260,140
106,29
430,260
248,209
264,449
151,263
141,331
5,445
219,472
80,307
10,241
119,300
176,425
318,202
29,125
169,33
191,341
67,293
292,183
386,331
321,94
146,363
467,154
274,423
165,399
232,435
256,196
193,44
164,219
470,35
424,226
310,425
118,192
424,37
444,471
333,367
34,122
155,311
357,360
193,481
53,76
182,412
200,318
414,173
186,115
380,103
70,17
19,477
3,367
460,141
1,136
120,352
50,3
16,315
232,16
257,441
465,41
323,94
466,360
45,441
198,301
370,413
410,252
135,91
107,101
245,8
244,332
344,448
370,447
11,212
335,207
23,8
181,136
89,374
376,178
415,441
55,269
350,314
345,392
195,213
77,170
358,210
487,493
181,278
106,204
322,345
86,40
466,107
27,60
178,220
140,123
479,41
182,44
34,241
358,152
483,328
490,462
387,311
425,184
250,469
478,241
227,335
333,137
351,128
297,274
404,343
17,212
274,381
316,232
93,174
385,41
58,392
291,5
384,348
150,444
187,110
149,299
12,241
217,232
205,60
336,248
161,435
208,265
175,401
126,339
166,458
114,331
8,469
197,444
481,433
331,150
213,426
356,352
383,227
361,261
417,2
8,391
347,461
111,101
139,332
311,216
99,236
246,421
67,131
15,229
298,365
454,362
428,271
263,18
299,86
473,469
382,472
316,176
252,292
308,189
285,316
169,311
155,232
352,380
468,185
36,390
400,276
405,15
231,130
258,295
96,129
366,88
13,57
106,458
370,308
466,497
482,480
242,20
34,111
252,488
361,429
31,330
81,467
144,306
175,135
145,289
189,221
31,394
169,229
20,165
155,342
358,148
162,143
84,224
127,181
322,252
162,486
413,113
350,293
198,475
51,270
71,359
4,65
396,186
487,287
395,105
370,437
119,247
136,42
415,129
336,268
375,113
162,299
426,351
187,78
202,409
40,303
425,121
208,317
45,497
279,256
3,494
170,454
357,394
200,418
185,357
12,202
378,399
234,177
433,61
124,283
479,337
225,457
155,360
301,86
135,462
236,337
487,233
329,432
356,256
183,381
24,311
259,499
395,41
229,193
424,193
253,159
78,354
95,110
185,194
363,291
201,386
2,88
132,13
146,4
481,262
337,92
361,479
121,322
107,416
440,225
201,101
371,143
37,450
205,373
106,365
6,97
219,357
347,318
454,377
357,472
415,32
117,215
424,129
34,391
105,128
86,362
109,176
176,494
135,31
312,313
136,363
98,19
333,407
460,275
345,263
118,479
418,169
215,34
161,102
238,107
325,416
328,240
332,310
425,377
120,77
275,487
213,386
23,162
152,187
451,471
153,490
244,330
67,166
17,349
31,368
381,177
200,29
306,259
485,255
139,131
497,353
211,36
385,281
269,369
155,22
316,458
73,419
29,88
284,406
416,31
144,389
119,278
240,291
331,219
81,23
0,484
349,447
360,182
394,21
220,300
467,271
102,68
402,188
144,498
491,23
474,362
482,480
464,381
399,209
499,127
173,411
18,105
416,427
181,278
426,168
440,184
54,55
54,420
380,343
253,186
432,166
299,24
145,217
368,98
65,56
415,301
386,302
135,149
483,156
94,88
279,464
385,288
182,250
299,136
227,2
340,303
153,226
246,327
91,480
463,230
72,155
95,24
439,243
141,444
108,43
336,484
279,311
367,160
235,11
314,278
215,179
41,118
40,13
92,489
454,165
297,68
206,144
150,91
222,212
26,283
306,243
403,141
430,235
370,461
459,331
134,40
359,9
156,178
33,432
409,7
99,164
206,185
474,416
188,27
425,37
460,274
482,482
370,169
62,275
230,338
212,490
344,8
16,260
461,412
454,434
23,177
398,366
90,436
409,274
438,333
154,120
393,263
181,365
394,47
341,315
167,100
437,135
404,231
414,145
52,191
29,345
333,251
363,386
474,433
253,288
348,347
53,270
339,493
352,371
142,278
0,204
90,154
406,367
12,13
293,258
26,295
245,82
141,141
345,4
136,65
416,71
409,406
184,384
281,37
207,250
258,448
131,340
285,409
156,470
19,6
368,65
153,137
222,200
111,479
458,240
249,188
13,471
198,2
117,417
402,149
52,311
148,431
430,317
89,312
222,147
139,274
312,121
154,124
373,353
396,297
320,134
254,68
85,55
362,87
425,232
8,333
181,397
49,272
420,118
147,111
164,351
148,173
353,342
129,249
157,218
264,435
48,18
293,447
439,488
138,400
180,479
294,111
413,317
140,251
126,39
145,67
370,318
423,91
95,252
274,463
130,210
162,12
29,381
19,405
75,137
445,311
14,286
36,349
400,303
107,432
408,296
293,423
21,195
304,447
458,387
90,18
164,114
338,462
277,482
181,85
385,19
308,199
78,355
201,95
403,122
66,143
230,261
213,312
220,175
454,111
429,68
167,447
124,422
82,255
250,469
409,339
490,86
131,203
418,252
147,32
396,188
398,436
312,203
250,417
139,218
102,37
49,381
490,321
29,117
331,468
257,374
201,172
385,441
280,256
296,159
441,365
82,238
366,387
361,464
117,34
91,299
423,399
298,148
36,133
287,377
355,154
177,481
447,159
190,401
102,331
472,70
47,196
350,43
123,115
118,42
321,316
443,211
138,159
160,20
107,66
43,359
482,287
172,462
105,148
6,334
403,118
400,4
213,48
118,25
33,202
311,432
177,486
131,314
438,378
462,229
473,332
352,234
27,376
248,238
174,364
311,48
463,446
14,489
255,70
413,388
491,119
164,262
11,333
347,451
52,56
169,119
216,252
30,420
55,313
110,103
293,474
32,198
463,143
187,150
249,400
67,190
45,261
132,12
121,264
492,335
231,133
61,327
410,249
421,121
37,458
202,379
24,7
494,4
451,65
35,237
175,450
241,145
88,201
44,18
53,343
41,409
44,489
366,335
93,388
338,191
106,430
436,141
185,158
498,136
358,312
238,216
301,447
65,385
292,75
60,157
186,299
474,442
442,380
76,441
167,28
124,464
242,99
135,453
418,56
485,436
317,348
252,13
335,63
345,8
336,303
276,16
163,251
436,338
318,22
270,92
315,169
39,392
108,143
184,91
26,104
255,45
227,32
144,250
465,326
173,68
477,241
372,99
202,468
434,121
244,90
457,172
412,416
268,389
380,336
295,28
317,410
46,102
69,334
175,98
168,346
248,405
182,17
87,110
382,433
32,398
254,38
53,181
432,129
41,317
19,8
224,182
43,55
116,176
58,120
241,414
290,352
353,381
440,95
242,29
375,202
490,498
59,28
6,191
386,46
0,48
272,105
291,11
131,90
468,55
419,112
61,408
368,446
355,142
174,227
289,360
305,424
285,176
493,113
447,15
5,341
261,19
144,349
179,250