160,252
255,233
224,98
380,7
85,373
301,167
389,358
378,498
292,447
127,327
330,440
257,328
372,386
176,247
82,121
28,324
356,469
47,98
238,281
161,363
499,258
338,220
485,236
446,416
134,52
195,132
382,281
88,405
73,146
106,159
230,132
58,148
21,106
123,317
118,274
290,127
151,82
297,313
420,36
463,329
147,299
173,294
402,356
269,50
358,389
215,270
301,392
212,211
152,404
144,430
20,70
129,229
477,155
178,29
450,297
334,420
440,300
25,120
238,94
162,214
354,300
187,385
230,386
222,43
211,198
85,159
183,305
212,56
441,465
223,85
294,302
299,206
163,496
339,48
157,130
469,105
487,319
175,359
374,307
451,115
159,140
122,302
259,42
452,408
364,96
38,409
328,23
466,229
493,174
12,159
132,471
283,99
496,164
182,290
352,397
112,427
213,95
15,87
361,143
353,297
124,101
122,488
229,239
299,146
35,318
363,276
106,489
187,248
261,470
116,447
413,201
405,391
123,162
321,20
245,279
474,331
378,80
172,255
341,272
289,358
43,145
85,321
424,299
171,392
217,10
54,357
352,79
14,435
471,266
475,139
142,273
213,150
371,268
23,406
311,392
345,492
371,262
212,71
242,491
225,220
190,358
151,321
435,127
359,148
195,222
369,148
320,499
288,335
389,369
487,349
192,496
419,324
321,446
78,237
7,319
126,282
111,246
175,279
162,492
279,252
161,426
172,440
421,391
160,329
261,155
388,419
307,197
443,458
247,56
343,156
71,29
310,276
452,108
446,266
222,228
11,329
459,171
491,319
58,226
116,316
476,199
306,4
344,341
4,239
443,385
153,88
259,399
148,497
45,323
433,375
99,406
391,142
79,320
22,213
222,256
66,132
416,41
242,362
457,341
332,365
27,496
478,176
30,30
250,25
78,288
459,78
492,85
407,435
183,22
41,161
194,14
316,73
407,172
7,211
379,337
129,206
185,145
473,78
250,74
194,49
15,353
68,186
37,158
34,484
441,40
437,420
237,382
355,331
279,272
446,207
229,205
108,256
335,193
282,43
492,483
89,191
136,270
57,120
227,266
457,245
372,250
437,194
420,168
471,439
46,186
249,196
149,272
464,389
468,279
94,470
14,93
378,149
373,306
105,180
2,459
480,335
243,425
61,446
334,354
168,80
482,225
290,356
339,8
71,9
199,475
112,253
352,463
359,366
302,37
76,369
169,234
83,49
284,124
50,25
89,451
273,57
449,9
473,147
492,323
351,438
102,478
264,220
341,427
150,278
319,92
66,0
109,163
94,46
294,116
31,126
105,166
287,208
194,115
360,487
163,19
169,477
52,220
123,205
362,76
320,153
252,74
176,53
65,282
24,300
221,332
128,366
235,293
90,77
392,482
121,346
329,302
161,227
249,243
487,42
262,105
225,423
138,235
381,259
89,191
78,391
341,72
33,397
163,102
370,166
101,371
247,84
46,434
114,79
49,277
142,435
42,211
445,188
23,496
313,55
151,261
452,177
105,97
367,19
460,207
318,104
256,169
54,319
349,445
165,52
488,238
204,118
273,491
83,65
364,488
12,461
449,94
214,355
131,246
449,151
158,186
399,456
457,121
383,409
238,56
115,316
97,21
195,133
40,75
72,73
21,264
475,48
319,45
495,150
58,372
339,98
422,476
386,281
59,329
449,242
218,95
373,311
62,22
233,232
150,440
228,351
163,119
413,117
14,93
133,445
366,390
86,411
496,413
204,175
272,148
136,287
217,150
146,75
242,354
161,81
368,450
71,101
212,138
479,108
69,283
490,180
99,73
352,103
47,205
20,206
431,247
293,124
210,224
16,458
313,436
112,218
233,257
304,259
206,56
255,200
233,264
175,207
285,496
440,162
140,208
272,34
280,1
115,173
170,91
177,434
275,433
476,443
86,253
225,431
451,473
231,318
57,434
179,206
136,467
203,267
46,370
282,336
319,379
442,233
180,478
119,161
244,8
175,53
179,321
236,182
76,406
466,469
30,102
488,301
388,75
255,347
242,182
92,390
268,123
86,313
173,8
263,286
297,297
301,348
159,439
14,133
50,242
297,378
372,100
180,109
161,215
359,298
95,450
302,290
135,208
460,344
16,331
252,345
448,217
424,344
418,481
74,183
179,165
251,417
186,444
116,353
108,331
163,284
330,324
254,367
364,231
311,168
298,201
279,66
94,267
358,144
277,269
418,480
85,300
188,274
257,177
116,137
451,488
183,108
238,250
198,369
87,367
443,106
294,495
133,258
383,116
466,241
180,41
0,492
58,267
428,216
368,93
219,193
499,357
216,18
112,174
63,172
288,177
136,313
281,493
67,104
435,307
429,398
430,390
41,83
80,104
160,352
7,79
498,97
140,187
297,120
183,113
77,36
295,316
127,111
51,15
108,247
422,176
317,337
476,237
105,490
390,18
391,77
39,270
133,93
330,37
350,180
80,447
112,398
368,204
155,441
398,201
171,377
69,484
160,184
197,428
127,299
103,430
273,20
76,200
448,238
250,236
32,286
31,12
35,408
263,490
148,174
21,495
115,301
418,143
170,227
94,252
12,184
181,214
470,433
409,119
175,482
414,419
2,12
47,72
211,104
61,25
419,271
50,401
361,284
338,67
329,307
458,445
361,340
163,173
307,60
439,412
249,79
83,326
356,312
300,87
136,173
152,250
475,196
477,463
101,0
70,238
367,24
466,258
487,215
477,312
311,324
217,127
264,444
406,238
431,138
127,305
258,203
197,12
272,193
72,460
110,422
268,160
291,365
401,61
113,57
330,98
110,382
284,264
282,25
133,74
61,344
428,465
473,143
388,463
378,357
144,330
10,323
354,400
237,188
336,165
490,454
380,364
265,197
268,311
311,427
74,467
420,184
342,125
376,459
386,40
2,237
291,95
179,94
94,66
306,206
258,129
309,231
370,257
431,74
387,0
161,0
43,108
160,226
322,71
488,145
61,222
7,300
61,228
270,391
382,67
61,66
248,330
291,39
400,217
348,325
20,255
170,46
366,217
279,304
479,85
253,251
267,62
89,451
313,374
319,2
24,10
18,398
398,81
256,270
278,265
88,337
89,323
199,403
449,491
99,367
33,177
399,67
298,251
329,62
28,499
305,188
450,127
466,459
391,492
319,496
240,369
52,223
262,26
288,81
150,57
11,186
74,84
277,48
347,421
274,200
453,448
129,131
298,63
104,220
419,40
334,433
494,399
39,91
344,2
17,15
267,376
484,259
287,478
100,111
447,353
120,374
293,293
107,477
314,293
368,278
407,393
395,45
208,41
69,152
379,189
389,310
70,91
492,407
191,283
381,198
140,398
295,360
143,177
199,272
273,302
426,365
479,327
447,4
6,139
167,199
414,161
474,72
154,270
261,430
328,323
357,359
168,237
344,121
412,146
313,54
26,17
359,84
122,146
45,107
148,271
96,452
346,487
454,62
294,6
319,403
78,110
111,280
210,109
286,442
43,39
432,226
7,207
66,344
412,302
387,285
442,496
24,402
54,39
105,253
468,402
472,83
474,316
237,59
49,490
409,411
21,351
357,137
127,487
451,273
323,130
179,74
24,403
323,366
210,349
17,440
159,71
102,1
383,144
448,463
95,317
370,263
178,128
48,153
117,437
186,366
236,304
222,142
462,438
446,456
120,185
288,27
59,16
260,170
294,424
180,20
171,434
76,319
225,56
117,436
63,330
252,436
309,30
260,49
8,497
160,167
229,431
383,398
388,265
347,126
375,358
441,179
72,363
139,151
110,392
460,300
244,113
204,475
186,6
168,383
451,375
173,92
288,75
498,17
457,263
445,25
429,147
499,214
136,122
239,174
430,461
148,279
152,119
478,430
2,114
64,185
57,352
157,43
170,296
45,81
356,45
328,246
480,212
365,471
162,299
281,29
461,109
278,32
375,62
367,46
98,435
358,78
195,421
233,243
186,128
392,25
80,268
267,234
345,303
380,349
222,117
404,179
118,445
354,104
413,65
214,355
222,37
383,154
25,149
56,45
14,249
70,140
193,95
331,48
92,181
128,179
415,84
28,210
313,437
424,325
342,278
7,400
181,152
203,453
368,152
387,212
178,117
296,308
7,307
23,209
488,422
8,92
139,161
253,432
56,236
235,101
226,237
190,446
359,356
401,11
254,387
184,62
191,374
50,132
366,287
407,233
78,122
346,317
285,11
108,41
92,72
12,174
321,42
296,177
253,301
263,392
305,198
297,485
432,41
319,341
98,231
335,239
153,64
392,431
341,34
244,50
187,160
103,146
231,134
168,232
38,99
19,85
471,499
325,181
406,246
461,273
459,384
196,141
2,270
127,39
255,223
18,283
257,331
120,324
152,305
63,124
159,53
193,400
422,165
189,367
233,269
314,414
301,29
377,380
460,283
455,260
219,2
92,336
173,91
339,400
308,286
59,452
76,101
459,219
496,77
148,339
256,150
287,102
381,382
250,479
424,394
231,29
421,297
204,80
448,330
71,34
255,333
130,94
72,189
200,441
431,57
342,421
55,89
252,419
149,332
55,128
165,460
153,112
493,135
61,76
306,473
281,227
301,387
259,188
92,366
475,190
173,400
191,268
111,465
352,416
370,58
177,331
36,154
123,1
447,309
256,399
209,280
61,41
91,319
458,6
283,69
249,466
264,231
388,241
20,468
272,429
332,337
207,190
48,454
277,190
363,197
255,414
372,191
479,470
175,277
208,305
201,116
165,366
250,285
28,207
325,61
325,367
327,204
50,99
342,133
45,365
433,34
112,349
309,106
418,205
490,98
12,225
240,36
145,228
21,283
167,395
143,339
236,392
80,248
220,187
198,163
102,104
94,33
491,392
192,225
180,142
468,461
102,62
121,173
267,410
228,252
221,233
493,151
372,494
497,168
223,145
119,284
419,445
288,25
282,330
434,416
15,441
294,487
315,143
494,363
328,391
422,32
51,441
296,330
39,408
55,372
346,282
129,292
61,427
432,479
115,44
123,143
71,375
370,407
74,21
163,41
444,359
25,84
164,498
167,18
287,374
471,321
310,449
65,22
424,326
10,6
173,469
42,329
90,138
62,29
495,379
28,477
67,110
24,179
180,384
155,168
490,432
207,278
94,432
43,132
315,78
463,482
149,154
247,24
98,432
200,130
170,238
219,118
252,93
247,378
156,325
259,40
372,122
401,52
26,285
442,497
127,148
409,216
42,119
468,294
248,468
421,45
128,394
279,139
433,470
254,20
259,323
76,497
411,24
491,178
326,172
27,20
17,234
313,79
280,235
466,388
116,42
158,431
120,450
194,90
256,107
173,277
417,331
226,89
337,311
419,224
394,99
101,266
302,18
448,428
295,151
267,127
494,386
422,19
494,68
128,289
317,295
43,130
114,80
460,199
379,250
155,259
71,248
116,388
341,243
424,394
439,215
419,37
442,232
484,302
339,433
198,121
166,142
106,346
103,491
90,94
265,93
81,198
216,459
242,192
413,41
287,317
61,278
393,299
15,305
498,63
449,376
308,194
437,56
245,146
23,224
413,436
207,80
27,430
298,129
140,339
229,60
431,142
160,73
434,209
478,284
326,134
202,367
217,132
432,37
284,425
30,86
305,51
276,51
315,2
448,318
417,289
14,405
214,9
317,432
449,266
191,176
150,480
210,202
169,179
468,10
87,31
389,474
441,301
410,322
124,438
398,62
11,378
444,138
258,456
30,466
387,340
349,387
133,248
251,223
69,455
460,333
102,233
219,56
5,264
471,206
133,379
196,76
222,90
418,473
45,121
93,56
416,26
442,432
178,314
195,488
105,4
283,428
414,331
300,247
227,481
460,258
316,292
286,461
427,12
490,241
85,8
282,390
475,307
388,388
287,91
230,102
12,197
124,98
497,403
496,248
492,236
320,21
52,250
165,316
365,378
418,162
196,232
319,459
208,265
432,5
147,219
490,216
399,396
56,59
20,55
476,443
442,81
224,37
321,444
472,283
345,158
291,248
153,9
310,368
340,358
498,5
382,276
353,387
469,55
251,111
199,499
311,63
401,475
141,198
90,414
88,11
239,22
68,355
499,152
350,133
338,39
425,182
92,196
10,443
175,276
420,239
162,78
205,349
24,372
453,238
281,145
163,99
414,12
339,260
312,68
200,53
431,421
23,194
28,455
81,371
252,169
29,165
294,336
66,81
232,323
400,2
461,448
343,265
310,181
146,345
451,417
394,225
3,66
462,304
344,444
491,52
165,259
212,323
217,26
115,422
136,31
184,399
82,104
124,234
172,241
494,260
304,308
306,329
397,415
27,13
47,291
175,177
433,54
450,164
388,11
407,9
473,374
15,36
188,288
308,453
168,224
403,332
259,280
255,240
250,107
205,499
437,157
129,108
185,446
391,476
124,55
379,161
383,362
354,345
15,461
105,275
293,218
105,157
131,50
14,143
469,292
246,39
362,309
121,211
73,79
94,155
255,7
25,360
213,484
93,90
175,486
354,88
496,351
143,40
358,41
250,241
411,297
240,146
342,252
392,342
79,213
112,73
462,478
271,103
299,173
52,195
360,471
267,332
68,295
94,419
367,402
143,288
239,174
136,271
365,281
73,311
378,332
305,311
326,253
472,165
290,371
498,32
2,377
225,430
238,38
414,484
286,400
13,210
185,402
426,494
199,256
392,331
280,267
473,372
369,303
145,484
278,359
368,214
433,159
455,310
381,211
443,85
147,227
29,295
51,43
149,71
433,250
358,265
201,308
392,227
9,237
293,365
178,84
66,400
317,217
9,286
490,188
149,320
74,464
38,32
47,415
39,150
29,242
114,47
259,117
109,382
400,242
108,204
142,456
296,498
435,232
124,168
204,435
155,284
411,98
460,153
325,135
218,480
260,265
480,346
375,160
238,228
452,406
214,368
419,290
49,400
309,416
430,393
452,197
234,85
94,389
267,390
110,347
451,411
190,394
164,174
23,7
117,14
159,166
80,461
397,161
311,498
376,243
498,196
5,415
322,68
408,494
24,26
13,495
93,249
111,354
363,258
235,467
418,194
387,349
345,1
19,267
212,32
68,47
165,482
292,487
387,163
279,45
402,162
399,143
186,393
68,227
180,279
42,300
123,474
395,200
445,454
182,298
73,479
106,440
377,299
421,74
100,196
220,432
425,33
488,335
8,179
479,488
323,476
77,198
286,244
274,166
152,101
465,12
281,213
388,265
344,450
71,184
82,110
195,290
22,340
99,355
424,127
353,222
345,398
211,297
32,290
394,351
227,221
233,15
354,420
355,158
61,420
282,148
413,205
244,136
360,463
192,378
42,366
303,291
137,485
61,9
225,131
470,288
77,287
441,360
390,423
356,340
49,45
75,184
365,445
332,112
159,465
48,174
494,166
407,219
27,441
66,293
329,484
18,20
474,131
126,483
210,354
349,182
242,476
410,359
49,422
189,194
451,467
243,286
459,269
306,273
335,145
491,287
95,7
138,360
335,229
27,320
90,210
216,341
487,302
478,364
399,245
52,176
301,9
60,81
494,410
13,225
326,298
259,221
385,261
361,11
407,52
301,159
121,37
415,72
492,162
132,217
485,488
430,497
304,191
404,376
399,137
394,208
63,195
43,165
17,83
93,345
466,240
440,316
116,253
456,499
162,170
347,56
452,461
465,486
196,136
146,311
58,330
175,489
274,461
151,385
199,72
261,215
124,195
390,158
452,256
473,143
332,472
436,374
64,271
482,37
58,456
270,175
390,453
311,400
175,448
166,294
397,280
5,324
350,375
294,195
490,452
324,175
434,416
422,491
328,190
238,18
365,317
158,218
409,179
233,482
467,275
368,220
125,215
41,153
283,485
214,157
413,292
175,232
356,267
370,404
89,450
35,4
81,165
15,12
161,427
211,186
181,319
38,239
280,265
449,425
135,104
283,354
400,260
352,233
251,373
395,103
471,372
199,447
246,8
192,115
38,128
39,241
238,172
168,411
338,275
285,220
275,113
432,276
146,85
162,34
18,274
166,432
330,202
336,363
33,100
395,454
178,112
295,222
480,49
353,464
107,316
433,111
134,416
57,12
124,241
48,88
441,169
326,141
222,326
180,310
73,91
496,81
352,62
306,138
405,487
114,326
239,463
261,17
228,84
215,210
210,278
432,398
21,31
372,229
342,275
218,285
494,409
76,259
139,191
408,220
404,206
134,161
33,234
333,271
221,434
434,14
187,191
485,169
121,259
395,155
243,73
33,258
249,184
310,102
108,337
252,284
238,190
21,104
430,116
370,160
66,150
21,292
489,212
279,304
241,207
96,273
149,180
251,284
1,182
211,392
182,98
48,243
394,230
249,357
366,298
150,181
150,395
397,132
422,261
129,267
105,225
383,321
12,360
59,340
398,95
43,14
39,304
19,128
268,314
111,66
372,214
242,192
333,474
49,390
303,290
369,311
298,81
407,425
279,58
336,137
292,397
293,68
57,441
185,232
120,55
462,420
6,385
154,176
383,330
330,393
91,460
350,436
495,420
152,263
68,344
48,431
12,222
81,331
377,284
454,146
223,257
71,383
166,460
15,370
373,97
375,107
100,149
172,272
484,274
123,356
29,432
350,239
285,142
308,69
251,50
350,474
171,152
9,195
317,10
175,145
234,73
401,302
168,247
219,273
317,62
12,4
67,497
222,101
139,318
202,238
295,173
145,297
483,499
146,256
434,423
251,490
479,70
144,192
484,441
103,455
123,314
114,99
229,11
296,251
178,426
458,128
92,358
479,398
464,151
382,274
187,67
328,263
318,169
358,47
392,211
100,129
233,203
466,149
469,110
412,103
483,170
205,458
200,294
328,302
224,368
262,57
138,31
392,163
357,154
374,116
380,494
422,135
176,336
79,6
373,359
481,77
217,421
394,315
1,248
220,220
46,413
81,13
112,337
160,163
423,305
146,99
371,340
425,174
446,175
250,325
414,232
173,424
85,296
146,29
55,220
447,216
402,235
352,89
429,499
205,210
493,369
478,420
290,306
77,285
217,273
22,120
463,223
199,480
473,358
316,450
60,290
413,115
333,390
315,331
101,228
377,401
382,243
79,283
465,373
198,76
344,205
316,189
30,199
479,2
299,93
241,28
150,206
442,88
425,253
101,409
287,152
2,259
290,70
393,152
84,444
349,44
16,340
303,258
465,88
318,57
466,486
128,213
354,373
18,488
293,309
483,497
80,431
399,244
317,72
27,218
62,47
116,253
384,334
376,433
189,78
378,190
487,160
238,30
444,485
282,6
258,485
440,445
496,117
323,165
16,474
122,295
281,298
480,493
96,86
286,463
478,65
248,360
384,49
359,275
104,364
364,318
98,66
256,454
15,342
0,169
342,175
409,453
231,418
373,214
52,297
378,224
436,46
44,415
19,62
329,116
218,377
17,225
176,412
29,104
125,175
68,140
363,113
137,182
217,157
204,280
81,463
68,356
214,236
454,44
232,66
47,289
85,264
101,162
392,383
72,283
489,155
365,323
331,209
221,232
282,41
75,90
374,379
227,131
474,450
118,202
109,203
311,342
426,257
401,154
82,330
316,71
452,74
470,498
419,182
450,392
44,257
435,32
435,346
3,413
442,454
448,78
316,434
433,102
237,45
39,212
415,462
406,352
110,452
347,292
446,377
191,154
137,213
13,55
252,64
117,294
10,308
489,67
324,186
466,179
341,290
60,192
202,346
453,125
35,17
491,193
200,414
449,398
274,5
179,162
186,432
205,193
340,166
419,9
426,85
282,163
204,126
217,27
96,491
331,304
362,457
80,85
26,48
331,472
119,29
47,326
412,7
342,172
330,245
43,361
1,424
144,164
28,276
496,244
15,141
420,432
420,193
69,153
59,213
126,436
215,469
103,138
286,341
97,297
121,498
458,146
437,410
133,4
26,244
155,124
349,368
57,480
481,327
238,493
343,410
325,370
496,42
321,210
341,329
97,338
405,268
186,85
286,284
132,48
453,262
228,290
126,343
469,421
313,437
151,352
278,294
201,122
228,131
359,427
364,20
87,213
358,491
217,205
276,394
98,136
95,490
13,179
440,258
281,283
336,18
208,282
413,447
350,83
248,404
95,332
223,297
370,455
495,283
413,222
412,207
390,292
346,253
413,314
373,315
37,259
281,438
149,400
307,145
175,351
187,229
335,390
146,138
95,244
482,16
144,165
189,212
309,304
283,322
15,439
272,172
52,427
273,438
466,429
184,30
192,264
283,198
213,8
410,296
165,340
437,338
152,117
232,85
66,76
370,52
425,311
25,6
194,103
448,428
359,445
85,48
218,239
270,7
264,194
58,14
401,295
380,386
131,391
43,449
166,296
315,365
82,105
109,288
28,325
86,158
100,349
469,367
341,165
473,353
147,237
418,94
362,173
417,474
163,134
52,405
348,320
121,260
41,133
363,59
90,344
358,415
441,296
396,153
164,348
36,183
332,440
207,21
497,418
74,392
222,106
159,57
165,131
13,402
428,64
191,295
379,464
422,38
338,99
250,68
484,381
362,352
382,312
280,79
377,473
33,79
202,208
406,400
101,427
423,273
254,118
250,191
484,92
364,438
459,197
280,32
404,352
93,250
117,492
305,359
167,216
44,295
381,99
87,155
83,402
315,51
319,301
446,156
420,170
425,4
156,134
201,115
217,416
63,269
300,484
10,498
291,397
295,325
246,240
357,70
95,221
389,158
422,272
393,274
104,184
404,33
38,15
449,379
222,331
357,95
129,333
184,371
460,69
172,483
25,22
81,168
218,116
136,224
249,252
411,216
483,395
435,46
483,75
256,108
424,492
491,205
283,47
46,427
478,389
13,347
89,414
241,6
324,275
1,388
119,59
334,387
414,56
164,313
428,455
23,487
462,174
336,416
74,372
188,90
183,475
103,340
20,159
379,39
256,234
448,343
320,240
376,495
84,429
488,436
426,458
161,64
161,487
141,451
122,470
127,335
472,392
418,246
285,265
2,389
406,261
205,187
400,320
140,431
238,271
138,162
139,13
383,375
276,485
66,310
163,473
70,44
219,332
10,25
340,217
263,10
184,132
287,257
39,362
339,116
356,498
192,387
4,415
219,479
304,481
243,449
145,164
57,170
120,327
482,53
121,178
109,282
171,307
347,382
177,435
163,298
261,313
412,176
178,364
23,381
81,219
276,20
48,83
204,160
34,108
271,370
384,160
164,190
477,497
245,145
130,42
62,224
1,342
367,403
351,193
310,101
110,411
172,219
400,47
24,156
454,89
405,205
381,424
416,214
90,228
1,134
18,11
412,363
65,496
345,442
5,497
29,278
71,269
384,399
165,295
108,307
367,361
272,41
216,122
394,74
49,490
7,253
457,443
407,346
349,162
430,412
26,180
319,77
297,249
112,119
215,315
72,444
194,295
367,278
1,96
149,389
239,153
286,110
288,225
185,426
220,278
377,361
156,127
308,233
4,459
456,335
343,240
328,224
174,368
404,288
248,76
377,284
52,351
163,322
305,498
69,431
130,310
411,181
429,82
380,347
175,19
56,323
299,102
5,51
384,49
341,43
5,302
198,146
206,133
310,187
177,389
12,289
288,91
300,488
463,452
92,151
295,120
171,479
468,383
46,276
184,184
335,251
264,413
109,56
352,439
223,303
476,347
84,127
62,301
76,443
200,321
171,209
47,356
490,411
122,469
127,424
460,474
461,473
133,89
373,202
24,93
169,209
318,58
423,310
387,244
423,88
354,385
441,108
11,5
489,204
218,444
177,23
11,35
393,335
76,191
158,20
218,167
361,457
252,189
337,105
40,296
4,373
104,301
90,345
421,313
463,288
106,83
27,148
435,47
369,175
157,262
225,173
399,209
211,399
436,277
104,106
428,273
72,449
102,401
271,163
58,390
466,61
251,50
409,92
152,50
306,480
465,183
5,146
7,158
495,248
16,48
90,166
360,83
495,392
455,227
79,363
185,369
208,330
66,138
196,355
119,359
256,370
426,73
30,398
233,348
65,206
42,122
194,396
239,2
289,110
445,330
182,233
344,162
482,303
25,302
74,20
368,244
206,418
121,308
216,58
429,265
60,115
35,302
81,274
330,325
13,23
275,39
13,244
343,377
28,388
333,355
321,288
190,424
178,2
467,177
328,290
469,255
21,38
208,304
225,265
245,90
300,412
73,136
15,317
27,46
233,18
51,44
361,207
498,14
158,64
358,407
205,105
474,200
56,491
211,117
408,152
258,279
322,316
447,113
308,256
15,100
487,355
121,85
104,244
439,407
483,390
391,483
227,332
378,425
93,374
290,448
173,184
352,9
39,434
253,432
0,49
328,69
136,85
329,399
212,376
374,96
224,154
227,332
487,195
33,318
60,395
31,157
65,181
57,69
367,24
46,316
232,431
294,372
381,195
374,481
408,310
310,23
243,167
288,394
288,345
350,171
276,291
320,369
147,302
309,65
293,222
100,482
143,390
136,464
345,81
99,276
13,412
256,141
322,406
256,266
466,247
202,188
238,93
404,440
151,429
293,318
62,470
214,180
389,304
30,362
454,239
398,315
401,132
31,30
358,401
97,335
185,273
292,265
170,340
54,324
353,199
177,452
398,361
389,302
343,123
453,403
282,2
189,170
366,438
180,94
75,86
485,382
258,151
141,494
391,194
176,471
318,371
268,102
409,228
327,247
60,11
257,269
342,488
98,138
200,231
66,448
164,263
214,410
420,68
393,326
327,490
153,317
149,35
43,46
362,422
25,23
156,310
425,425
474,307
240,346
197,479
254,146
379,238
138,224
151,332
290,19
180,493
348,285
274,339
149,315
163,71
79,95
99,58
150,55
58,378
431,75
367,286
479,443
362,274
64,306
8,40
255,87
491,293
439,467
405,185
79,436
438,59
57,170
94,51
403,259
17,5
430,316
113,419
442,290
82,135
427,59
70,448
258,192
304,204
417,288
291,123
20,439
419,390
483,420
456,143
477,109
312,164
107,341
32,31
211,301
151,90
413,484
69,444
131,124
474,0
258,199
271,473
80,146
12,128
309,458
153,239
111,108
279,279
473,399
274,485
37,246
188,29
253,179
41,483
267,40
351,159
410,29
89,145
137,35
315,202
388,95
153,494
238,14
234,107
488,234
173,470
116,402
482,90
475,348
343,330
326,332
425,444
261,137
158,225
349,436
414,415
414,396
493,78
425,410
444,102
424,324
136,182
450,337
397,167
34,226
42,353
111,152
301,432
315,131
373,481
208,338
323,99
92,364
132,372
85,87
106,86
441,359
360,89
364,171
169,266
44,461
490,363
215,76
414,89
496,208
86,171
107,293
126,326
383,444
143,164
417,90
244,426
351,111
496,450
84,448
190,186
476,310
195,33
477,364
50,200
124,475
130,217
473,273
441,224
433,79
92,133
434,212
262,110
374,303
156,141
150,164
107,452
222,156
246,355
66,8
347,382
55,217
143,235
243,225
66,389
259,49
297,236
312,447
68,322
210,495
352,124
193,223
245,190
334,220
182,396
225,43
182,350
197,49
455,190
49,283
262,310
38,219
121,260
174,108
349,255
215,236
237,157
326,49
172,382
396,348
48,141
234,131
167,280
394,383
210,154
426,318
417,329
256,392
405,471
0,487
274,259
41,193
278,69
108,197
388,318
152,71
170,401
391,250
133,216
334,268
214,419
498,409
431,124
87,8
124,439
431,492
195,292
472,202
123,327
236,17
361,340
62,47
102,313
162,38
238,330
65,127
277,492
350,346
195,182
193,76
494,20
27,222
424,65
280,352
12,108
145,175
202,115
2,428
47,165
343,105
380,7
55,357
298,278
446,295
494,275
224,204
399,223
423,167
457,158
186,463
470,352
168,496
452,308
448,378
394,105
447,168
376,261
248,193
166,344
89,9
0,195
311,458
264,128
223,246
473,7
372,177
452,390
105,277
335,49
452,482
29,476
349,11
221,318
257,175
111,340
212,348
281,39
161,88
156,439
397,418
101,165
459,341
423,303
163,332
439,223
10,72
431,443
114,54
461,205
12,200
259,216
70,281
257,381
420,218
463,383
426,197
325,10
347,372
273,143
442,250
495,19
370,202
13,185
466,201
202,434
54,183
393,84
120,165
279,487
211,439
377,60
136,313
381,32
145,300
136,385
47,467
160,256
121,327
368,475
308,256
89,145
224,445
398,305
81,403
344,128
5,251
43,324
435,51
444,298
79,328
243,306
149,490
78,258
125,336
61,49
428,246
422,223
376,149
197,319
346,218
336,344
8,287
48,309
251,327
399,72
347,469
455,234
218,209
1,205
499,395
47,486
47,189
360,226
79,239
346,357
242,66
255,279
291,30
452,408
294,433
194,82
479,450
263,20
103,31
489,49
119,384
83,296
365,111
169,204
426,324
273,401
494,306
216,438
278,469
492,188
351,29
297,360
224,40
351,93
442,183
461,187
22,241
476,152
137,34
207,24
451,368
43,68
129,428
104,479
424,59
283,494
244,263
72,86
371,314
19,229
267,327
146,157
150,425
290,345
215,248
371,122
248,145
431,89
288,366
475,28
471,156
33,162
349,267
254,337
434,116
35,199
373,121
416,249
329,353
245,133
301,182
449,122
127,9
361,370
422,322
169,224
166,409
126,43
415,96
312,152
367,19
388,196
161,126
223,426
433,471
105,144
416,324
496,336
422,268
338,296
8,246
490,435
469,229
103,370
425,436
294,247
349,438
21,224
174,342
70,308
103,411
339,96
359,470
57,173
39,21
328,162
298,251
17,121
488,261
103,315
200,358
412,398
415,378
267,378
1,138
86,235
432,211
42,363
143,88
181,480
248,0
461,153
63,449
155,42
487,392
226,425
0,141
113,25
467,54
409,335
5,463
39,124
62,34
135,246
95,62
37,388
384,34
61,457
308,64
312,379
106,207
189,241
292,242
298,244
259,478
55,170
287,460
101,461
155,241
489,308
377,32
248,59
470,14
402,401
304,272
148,250
249,16
7,7
469,433
411,360
129,423
473,464
382,256
184,152
410,126
271,410
165,245
252,72
116,116
254,102
299,276
30,389
496,262
420,118
466,182
380,195
200,308
51,457
7,339
303,72
362,393
260,296
264,171
71,200
81,397
193,372
458,482
243,7
332,322
140,427
351,57
193,403
380,62
370,453
78,236
459,13
389,393
329,449
417,196
39,345
305,437
349,194
361,181
143,132
287,50
248,134
242,370
301,147
80,348
25,479
218,269
228,59
334,122
212,134
9,34
264,365
423,98
472,201
291,280
50,84
454,10
115,162
204,49
477,451
22,323
105,232
7,496
278,110
28,61
284,370
200,303
412,498
189,451
493,273
381,436
252,400
377,345
161,440
196,398
349,88
281,461
80,499
14,463
152,247
309,329
414,427
469,24
113,126
322,41
148,341
450,190
60,26
36,263
102,128
203,120
221,240
253,361
464,441
11,208
36,424
16,426
396,359
392,493
96,44
470,94
86,114
499,96
387,208
136,369
475,117
352,309
92,25
122,108
345,462
233,244
356,419
377,309
340,122
10,474
53,417
157,6
454,152
44,363
353,417
335,94
447,296
213,231
204,302
336,184
257,198
360,243
93,159
451,289
453,213
187,495
112,395
487,203
364,454
399,335
82,253
46,310
223,401
410,268
223,327
235,25
218,132
5,189
278,192
32,455
168,400
26,240
12,359
224,420
484,329
127,36
122,40
470,190
417,499
100,334
273,176
115,114
367,33
216,298
385,302
419,138
76,315
408,489
127,30
36,270
63,197
50,450
348,110
341,358
323,435
370,174
52,213
496,55
236,312
80,438
164,410
152,87
293,249
432,485
479,459
79,99
172,173
400,212
401,472
125,324
16,404
389,140
466,90
14,393
426,78
106,280
320,358
359,353
135,71
151,430
220,170
21,483
439,462
446,152
457,496
8,182
241,28
29,212
89,124
313,247
496,275
349,158
97,304
24,364
447,417
448,434
256,51
370,180
205,451
20,36
272,380
308,172
25,312
345,134
19,314
485,269
286,238
114,222
474,27
407,213
292,318
392,342
209,246
390,325
53,286
493,354
209,199
7,301
388,115
425,50
356,240
438,324
285,396
400,442
4,159
292,351
246,367
366,91
356,372
322,183
175,233
413,412
61,125
375,101
78,195
243,256
254,46
109,44
424,457
332,436
200,464
91,483
181,295
247,411
437,11
280,476
463,176
422,231
184,275
102,85
252,101
184,99
499,412
136,199
35,316
370,445
39,147
16,307
390,203
470,223
340,277
73,156
174,368
177,144
74,87
170,372
477,168
334,497
292,446
88,64
382,194
169,397
108,230
107,334
424,407
348,391
72,37
253,90
135,489
236,333
426,339
50,391
273,146
61,96
221,473
261,268
38,343
261,348
441,223
441,226
163,414
17,147
31,135
101,26
210,171
215,83
118,53
465,489
200,468
0,409
150,55
268,357
297,130
383,134
300,281
432,219
396,42
188,286
131,443
383,476
364,273
365,225
132,291
457,358
407,329
164,37
66,490
403,302
54,344
31,227
447,472
377,37
478,156
33,386
125,130
28,69
36,404
347,445
205,260
333,483
337,283
128,174
158,497
247,248
278,225
312,27
318,296
476,357
61,395
169,234
336,18
221,245
6,355
484,318
156,248
148,399
158,263
345,285
386,140
397,366
371,124
26,337
235,437
354,87
345,173
476,337
229,477
316,31
182,191
441,376
459,104
56,35
275,460
499,486
170,75
39,257
492,282
430,131
408,327
173,286
159,115
369,297
81,30
35,311
321,216
234,294
324,70
292,434
135,431
428,129
94,343
439,292
33,435
452,163
50,255
470,458
190,368
1,48
410,293
212,118
318,185
494,105
436,116
476,136
306,368
135,245
429,42
339,207
279,242
163,451
349,120
102,427
270,301
319,231
200,170
125,175
489,252
273,498
407,377
200,498
52,330
370,156
156,70
165,455
113,288
280,173
381,234
463,178
52,234
0,466
437,41
152,354
162,390
120,323
412,93
484,91
438,18
457,268
359,482
175,487
211,69
306,326
130,285
307,207
31,234
295,161
315,487
475,348
222,174
322,249
369,456
20,304
59,76
33,303
174,194
347,392
281,32
94,394
311,125
348,113
19,62
345,284
475,282
389,141
408,322
277,268
176,98
284,336
379,159
274,59
464,254
244,185
380,218
419,289
105,426
248,0
464,86
165,55
281,208
337,103
105,98
338,256
114,196
268,79
471,424
211,498
494,119
353,342
295,394
66,347
60,437
309,341
163,437
192,362
45,36
473,484
163,340
131,129
491,268
416,134
174,279
52,234
476,239
232,80
134,350
222,36
459,161
237,275
375,28
57,484
298,442
376,76
436,418
192,51
406,428
196,488
364,407
19,476
318,212
260,134
446,179
32,240
216,362
258,338
36,475
13,155
29,115
153,34
455,393
88,349
212,287
44,314
213,261
421,80
452,421
93,197
486,120
16,142
77,64
214,163
59,177
292,277
150,233
462,450
285,212
4,225
441,369
240,19
42,269
56,158
101,410
338,424
222,191
349,280
211,79
456,69
191,399
169,112
133,254
34,393
445,172
299,313
429,366
453,288
142,214
192,398
482,251
225,28
430,273
251,212
85,51
471,277
316,265
260,194
26,84
349,422
119,297
54,247
296,103
325,412
101,481
220,83
407,472
345,31
231,253
383,343
61,452
245,398
202,142
114,16
192,417
147,126
47,478
364,273
49,102
9,463
191,266
369,383
60,150
482,56
272,201
369,178
497,467
85,457
42,111
91,366
432,488
344,412
330,220
494,20
117,49
373,166
369,60
391,224
212,207
276,264
37,254
252,111
130,307
443,96
403,4
446,264
214,13
231,80
378,458
111,60
468,371
282,440
226,104
348,404
429,213
175,453
470,211
100,67
76,84
427,262
9,28
499,38
249,329
46,167
134,22
84,25
102,252
50,461
55,350
215,485
469,311
147,339
260,398
282,466
491,354
452,44
136,428
487,144
127,22
392,292
259,390
472,135
39,64
86,98
234,449
10,300
365,425
108,337
346,116
186,480
62,365
272,341
485,411
278,386
378,326
461,280
179,462
320,202
418,192
95,286
453,310
417,486
84,211
258,211
385,368
279,196
158,90
126,154
223,78
159,323
123,480
350,374
221,444
144,418
300,366
223,62
159,120
481,485
0,338
409,434
343,231
94,32
159,291
82,5
247,61
231,433
38,172
57,226
213,401
107,210
189,44
424,273
217,236
74,350
423,436
149,285
90,257
458,127
389,398
464,393
427,404
185,454
342,338
11,37
336,52
81,328
180,52
496,428
218,38
463,417
242,15
182,108
318,325
60,100
83,94
284,367
261,118
226,139
169,2
144,58
220,259
207,102
411,464
457,206
498,170
132,109
88,226
356,364
477,404
91,400
423,123
242,146
4,480
194,41
301,421
12,362
12,35
189,181
256,0
33,87
237,115
462,288
403,389
220,465
421,498
392,496
227,461
230,91
81,93
11,402
147,301
467,212
469,368
426,350
352,118
190,88
188,30
13,113
269,132
172,333
73,2
63,214
68,348
276,245
346,195
44,275
379,404
410,348
89,345
343,203
163,11
75,484
78,114
148,211
407,28
477,491
9,361
279,443
325,97
361,204
202,131
239,260
248,49
259,283
63,51
311,285
144,248
291,420
479,16
156,455
289,159
335,396
198,259
484,295
120,295
247,469
94,176
308,117
387,208
191,156
255,73
291,152
293,392
412,319
127,444
408,486
299,463
111,486
167,187
119,58
355,45
427,175
279,420
160,277
412,301
2,104
165,264
342,64
64,30
201,33
243,458
149,214
276,223
471,412
276,326
40,312
307,365
377,199
66,96
367,158
235,393
145,130
170,372
113,456
234,357
465,127
490,25
322,408
309,78
128,31
473,468
362,316
432,334
186,48
314,479
124,315
364,218
18,46
137,185
107,78
186,6
402,212
156,89
304,256
242,283
195,426
283,288
313,8
405,481
380,182
292,478
415,287
410,430
251,269
467,378
1,221
382,134
195,161
382,460
250,214
99,79
250,294
205,479
398,359
216,68
444,102
247,193
445,344
50,412
438,275
174,432
278,244
308,70
256,37
107,376
293,94
224,71
191,326
439,117
13,456
191,449
15,327
467,67
442,116
24,72
317,318
436,10
135,477
261,88
389,32
271,82
37,268
408,88
384,174
446,129
337,428
487,395
79,202
204,365
377,192
200,2
78,316
473,37
56,386
165,26
278,31
290,317
217,19
332,197
179,287
221,132
475,460
287,65
357,330
214,275
3,376
121,298
399,377
355,221
232,220
107,107
363,381
209,38
365,69
8,294
218,324
388,290
166,446
41,182
166,335
182,245
7,480
381,437
442,252
44,85
319,347
325,107
464,295
351,445
414,336
184,47
371,426
339,338
155,279
499,367
36,198
259,262
78,172
102,65
21,201
255,322
410,191
161,495
73,196
148,181
84,82
327,188
261,284
27,61
109,179
182,49
209,490
174,142
51,300
177,428
251,405
352,356
341,164
400,145
486,308
153,103
42,321
311,125
467,250
23,354
273,414
18,145
175,260
66,115
467,144
445,261
399,195
220,410
159,122
37,35
435,340
337,163
496,102
98,163
15,213
47,447
58,47
35,277
152,167
2,431
282,363
128,96
83,300
10,197
224,389
94,415
488,499
76,120
171,425
116,76
288,340
264,373
165,448
44,191
103,195
93,106
174,451
312,2
154,238
278,109
26,8
85,411
169,14
70,351
307,170
283,390
494,408
81,35
198,8
322,310
487,133
296,246
142,414
230,229
436,288
385,438
34,233
499,394
70,224
40,208
395,5
429,436
388,88
386,323
308,270
169,378
266,389
297,140
332,466
350,151
208,448
77,79
462,422
80,41
35,49
265,158
88,466
459,242
160,265
471,238
279,236
97,192
331,297
295,103
36,53
51,398
280,478
416,284
262,33
24,166
0,306
309,274
193,221
261,1
17,385
61,0
196,424
413,374
377,431
471,389
351,376
266,384
363,234
102,82
285,16
166,75
2,399
124,224
195,81
327,439
83,7
7,464
107,39
251,42
318,11
331,131
49,119
408,44
93,129
457,61
280,160
399,410
319,286
43,183
157,124
93,142
462,448
53,146
195,413
489,307
393,336
417,417
81,350
406,498
186,335
319,413
399,101
467,205
472,253
93,420
208,408
394,349
442,382
64,476
136,162
67,317
450,98
36,102
388,193
395,27
202,166
115,285
485,403
194,339
282,100
279,94
148,327
67,444
127,385
115,320
184,490
307,396
185,326
265,491
225,20
498,389
149,305
278,98
430,478
203,140
315,154
51,119
488,179
184,311
357,68
106,187
396,225
151,164
310,391
183,452
372,154
2,478
83,397
363,76
71,314
496,249
196,95
155,253
284,81
284,306
56,379
89,348
342,59
125,201
104,225
466,272
231,117
312,389
196,408
226,38
427,303
387,380
414,44
182,204
325,121
337,465
220,483
209,44
206,56
267,452
233,137
362,80
75,8
316,270
124,442
203,149
151,264
397,187
227,424
425,1
222,67
137,53
481,47
301,55
419,159
225,172
164,371
432,263
35,486
33,273
463,401
382,241
319,275
353,277
429,240
255,128
473,287
493,289
107,75
33,0
422,194
181,209
261,249
115,194
373,412
496,6
265,388
104,73
466,6
445,34
110,459
244,45
287,37
165,156
282,92
129,8
431,491
277,475
388,26
267,269
13,99
38,422
207,188
32,42
137,91
431,486
320,477
460,451
230,328
364,4
379,314
78,223
424,363
182,418
278,295
172,492
204,241
125,111
123,487
159,267
63,16
64,437
338,43
264,139
106,390
67,373
248,431
111,365
124,167
156,18
113,210
171,318
217,223
345,391
162,429
27,405
152,250
112,387
135,296
19,404
94,445
146,353
210,386
276,389
1,393
303,136
230,478
467,64
5,229
496,89
8,341
466,232
334,433
386,421
401,176
101,27
419,291
349,142
61,284
302,291
187,466
274,346
217,52
200,349
392,135
168,65
390,279
148,24
74,241
431,178
155,4
342,72
372,42
268,214
278,127
312,273
103,10
306,462
354,491
199,218
201,208
34,47
434,120
27,96
426,6
124,498
336,112
251,106
2,215
338,343
91,418
54,489
185,412
171,299
45,292
495,407
236,202
38,496
161,415
429,385
154,264
466,409
58,407
19,131
248,147
477,52
409,342
57,311
444,86
89,481
71,22
20,359
198,436
23,374
492,316
469,146
310,226
96,303
52,397
122,240
187,392
63,133
53,362
443,232
108,3
372,232
258,401
214,208
99,69
235,119
277,300
256,160
116,90
149,200
338,330
97,92
278,446
356,178
149,351
362,220
2,370
435,465
419,246
74,315
58,442
140,142
498,106
280,407
395,450
76,477
456,203
295,45
166,23
298,264
327,232
130,275
174,309
207,447
391,412
91,155
7,176
331,291
481,35
11,43
89,372
326,69
345,32
392,220
38,182
295,353
177,97
5,232
279,498
148,25
244,140
5,414
72,97
156,106
196,162
140,255
38,246
323,271
439,196
264,28
187,315
64,95
129,359
109,416
346,30
90,25
420,213
41,232
2,246
54,215
157,299
292,251
3,121
458,497
437,47
356,62
333,153
233,485
457,409
321,391
126,289
40,50
305,407
434,79
200,279
54,435
318,339
422,205
284,301
181,70
499,477
27,458
331,406
54,295
23,204
342,468
272,424
364,256
349,311
336,345
27,60
304,452
457,378
234,455
0,286
58,499
381,67
97,79
369,140
138,53
370,135
418,56
231,456
72,88
470,173
175,323
474,413
208,384
316,278
232,374
391,132
122,266
431,341
407,270
233,276
247,28
361,306
87,263
76,232
48,184
450,343
300,32
495,302
230,282
434,426
401,397
206,19
96,65
381,286
480,259
200,87
395,78
294,338
433,136
126,259
422,142
171,323
394,185
462,466
113,498
154,303
260,69
53,427
462,343
387,242
408,57
332,7
14,421
360,58
6,236
358,33
128,205
231,13
305,42
296,247
235,129
82,467
493,142
23,316
234,292
274,222
23,161
17,197
46,184
418,91
176,358
292,93
215,197
216,324
258,234
496,159
37,17
161,197
176,187
97,485
45,392
192,169
218,115
274,413
117,135
178,148
318,407
275,193
359,350
444,332
32,18
303,308
174,452
115,394
2,229
466,312
495,63
58,355
272,62
360,238
361,370
35,162
253,123
191,323
248,224
366,402
7,329
165,196
45,196
88,41
66,332
231,367
80,169
312,89
441,143
330,222
223,5
117,360
23,402
269,153
30,152
230,385
195,489
297,432
485,347
364,231
96,95
127,155
467,203
270,482
17,229
201,316
306,421
488,370
198,415
405,489
148,441
467,369
433,116
363,36
263,40
398,199
301,423
367,324
89,324
225,199
73,118
328,35
193,380
316,376
497,287
254,392
111,306
447,483
40,342
232,324
111,411
228,13
304,348
454,14
266,427
7,355
344,336
124,257
475,92
385,8
365,365
376,18
131,193
117,190
476,349
352,8
473,445