7,39,490
435,119,234
363,258,343
467,164,287
490,11,315
217,438,128
165,210,474
171,440,345
347,470,339
316,231,3
483,50,45
451,374,452
495,104,18
41,333,156
229,420,408
374,308,151
359,82,243
102,135,73
346,85,130
407,162,446
334,286,80
355,199,300
199,360,50
441,46,126
165,270,260
305,100,366
195,156,495
199,428,250
80,345,84
143,364,392
313,50,57
87,453,376
282,258,69
231,102,364
90,484,387
186,164,281
251,473,91
130,367,83
254,200,376
325,317,157
247,400,339
28,148,378
26,13,74
232,130,264
135,23,188
243,387,127
157,225,56
200,217,310
41,52,268
69,7,479
164,115,381
399,373,259
264,467,470
362,339,126
232,399,30
260,218,447
449,110,203
32,316,215
365,337,98
420,155,212
242,153,438
499,448,470
389,264,157
245,446,387
193,97,310
242,354,284
253,28,62
482,423,179
27,90,219
422,322,399
161,479,49
196,58,18
35,264,313
254,34,38
423,200,169
412,464,211
176,31,32
91,44,379
32,474,204
37,18,113
353,391,77
355,107,68
10,133,349
462,212,146
452,316,286
254,261,104
491,322,139
101,209,75
448,406,250
365,411,144
428,362,420
87,215,348
37,161,160
411,264,103
3,92,286
276,334,435
62,464,378
141,224,186
310,359,54
418,482,367
77,495,155
465,233,60
199,41,498
59,437,403
183,287,24
471,441,207
310,189,469
56,73,246
163,350,120
9,250,400
55,381,198
402,71,438
113,32,498
166,415,62
165,0,129
287,13,221
116,123,377
315,472,293
68,449,371
281,131,69
213,407,161
70,33,204
30,246,369
7,127,225
127,353,440
167,124,378
390,303,184
69,476,109
344,10,440
304,129,190
354,217,209
159,392,299
358,203,178
464,367,136
483,32,407
266,241,449
279,288,405
280,68,201
166,35,202
123,316,209
240,447,226
258,407,385
457,224,394
341,437,203
457,487,48
168,163,355
66,375,422
106,256,258
325,463,25
238,384,453
4,388,180
206,148,357
12,72,123
32,233,171
156,269,77
425,140,92
450,74,497
151,145,120
238,109,191
174,451,120
200,240,437
279,135,369
318,401,494
417,230,8
406,146,202
482,73,449
175,13,172
437,262,479
84,5,332
199,308,380
289,323,168
343,478,359
18,330,284
170,210,495
171,372,454
204,362,212
287,351,359
443,442,253
359,410,327
149,180,486
447,348,175
286,334,266
251,103,223
22,396,280
169,110,197
259,168,154
11,52,177
220,226,374
127,494,326
304,238,121
444,143,338
329,213,133
169,197,332
381,482,193
96,431,309
423,196,330
245,16,354
307,298,168
475,457,356
24,129,446
169,124,196
397,393,436
306,52,248
133,110,326
375,475,421
227,160,161
148,349,280
26,171,188
401,405,362
472,117,119
297,162,496
6,334,481
214,146,468
144,41,314
100,94,104
432,115,265
300,1,86
59,134,475
402,207,464
193,456,409
461,251,181
142,375,496
272,307,210
253,465,79
427,483,246
208,200,8
485,123,35
198,105,125
270,101,406
364,230,488
324,18,285
368,436,104
434,341,97
210,171,142
410,63,109
388,213,181
201,214,193
35,336,312
157,367,465
418,152,123
130,461,202
19,252,418
345,78,241
382,490,459
201,449,426
251,409,418
420,8,31
440,93,160
402,352,267
116,415,52
412,409,462
108,39,374
311,276,33
123,336,118
97,330,339
298,75,287
186,256,367
182,7,16
274,278,31
417,62,257
139,101,406
164,253,10
17,461,57
440,132,12
411,117,276
206,262,377
483,39,292
266,442,487
84,316,35
110,450,132
434,498,377
115,9,138
275,342,106
236,267,44
417,263,147
420,234,44
309,141,199
155,119,137
94,15,96
234,6,122
166,60,71
474,262,44
483,490,8
413,234,425
440,409,86
26,138,375
40,451,297
156,158,60
267,68,58
409,56,315
109,228,81
2,394,474
114,65,486
272,44,98
359,150,89
115,201,107
389,432,385
41,157,5
298,232,399
404,6,70
482,468,77
191,166,197
106,162,48
10,3,472
35,245,247
455,277,46
487,280,248
357,361,44
158,7,5
21,389,420
327,13,370
263,406,439
409,245,407
365,188,331
165,190,396
479,133,6
53,262,440
308,296,210
196,460,451
283,308,238
480,148,136
263,331,273
448,348,66
415,341,196
288,175,226
27,185,175
170,489,40
303,431,99
287,242,391
98,201,494
495,491,352
117,89,456
42,305,206
450,381,370
65,162,149
88,76,342
306,98,153
476,15,117
225,250,51
105,93,406
96,166,138
96,353,71
94,496,162
417,473,185
78,138,174
353,242,25
472,246,73
223,6,360
346,400,7
43,418,436
278,364,383
440,380,78
223,140,432
198,252,212
205,190,301
240,269,498
112,493,306
5,259,262
421,41,268
487,206,456
390,102,6
239,198,420
38,247,247
278,110,42
251,401,202
332,30,76
336,76,30
158,229,111
104,412,458
227,265,400
493,60,221
308,130,368
250,386,168
373,43,269
16,266,88
466,120,431
113,156,149
377,277,66
179,434,140
76,486,449
250,325,58
227,225,28
57,2,111
1,334,75
84,352,250
376,14,445
82,319,402
246,91,174
492,102,46
443,355,59
488,340,495
220,475,345
328,213,376
219,216,87
307,309,294
335,217,376
146,183,89
344,413,310
315,355,133
42,399,143
409,192,305
420,491,51
442,74,272
125,497,4
214,407,61
487,245,411
80,436,415
37,321,214
294,459,287
95,256,298
313,41,79
7,55,348
343,287,455
467,211,48
198,260,168
444,486,222
418,71,387
318,338,497
218,470,57
153,62,206
182,322,142
321,419,233
32,225,30
252,424,478
35,410,474
365,223,308
371,316,407
60,467,35
287,132,179
18,138,457
61,318,330
234,40,63
102,481,184
338,481,114
443,493,67
360,314,12
270,121,139
179,457,37
471,394,225
386,393,132
89,158,89
489,289,462
432,351,269
76,157,420
443,389,429
295,426,486
208,216,262
488,404,482
329,278,7
136,412,287
356,63,435
425,119,196
87,310,402
133,458,201
493,371,349
337,206,144
390,466,250
390,46,57
76,333,453
236,124,336
201,386,300
379,230,177
334,214,83
241,354,138
94,152,227
399,238,113
42,448,166
131,116,130
87,44,256
364,314,486
212,196,320
89,497,345
47,458,475
464,382,241
43,408,366
206,236,51
27,19,68
151,94,90
280,176,60
209,364,15
265,276,25
130,44,210
174,391,126
469,65,198
11,128,250
65,248,147
398,147,55
150,314,310
226,225,216
143,482,200
287,86,176
223,463,266
393,299,160
487,116,393
52,20,66
303,359,444
278,1,95
325,75,405
138,180,442
8,431,315
268,89,370
6,381,311
268,282,181
314,379,131
19,183,332
117,476,23
226,294,58
382,338,183
91,233,40
456,17,174
286,358,67
183,414,474
74,427,406
456,433,68
299,249,65
454,185,49
81,266,10
497,186,202
160,178,81
250,94,212
101,363,299
254,283,124
236,418,473
111,232,288
412,342,99
228,20,374
96,158,128
397,149,430
240,288,8
225,8,429
266,40,141
295,384,147
315,162,423
102,249,135
347,115,499
202,460,133
98,312,168
338,142,492
437,66,250
4,490,217
418,216,425
446,53,135
477,23,139
375,442,138
85,148,261
25,449,185
126,266,397
439,354,69
207,418,143
172,483,255
330,306,356
335,123,403
9,187,388
376,272,1
168,374,35
150,172,70
147,199,329
484,87,96
17,165,9
365,398,464
282,212,413
487,465,0
300,0,113
170,299,487
294,273,138
75,198,384
12,481,220
435,285,376
178,330,436
340,415,8
212,390,125
243,446,121
41,174,400
336,30,380
137,127,424
371,92,67
329,358,103
275,486,247
309,153,132
34,134,286
147,70,259
238,383,121
121,176,393
321,126,191
370,42,339
461,11,15
301,240,54
77,247,83
325,382,302
59,316,347
260,253,93
341,0,97
124,354,22
371,481,132
19,269,34
119,495,104
274,481,191
265,224,216
407,187,254
35,296,306
33,489,220
123,166,319
406,65,415
77,494,307
272,425,339
270,234,243
179,190,386
13,92,262
51,47,272
52,221,376
39,450,113
232,5,60
6,25,147
60,314,106
164,232,343
218,285,242
398,159,470
333,30,455
385,432,443
307,324,225
149,67,122
408,267,430
352,450,16
328,361,405
116,289,464
477,469,336
455,410,499
78,141,177
207,222,329
293,35,367
345,404,202
209,351,319
10,200,483
102,152,42
429,240,33
187,159,463
75,80,75
133,351,165
303,288,180
348,486,431
153,148,198
430,261,2
264,382,244
28,156,207
395,312,315
253,485,52
220,462,25
196,70,378
155,431,268
43,6,271
122,253,112
389,180,422
6,362,290
7,96,441
346,155,473
334,31,80
316,466,415
317,121,237
460,347,451
185,260,365
184,1,450
107,488,106
430,305,100
205,108,281
150,64,182
35,269,231
176,30,182
196,393,481
342,86,236
200,148,374
44,440,447
112,370,153
433,260,52
395,172,91
440,201,158
476,483,135
132,73,156
122,399,7
272,266,478
21,131,175
392,314,403
485,227,173
78,295,67
403,282,132
149,444,340
53,284,406
193,146,161
279,173,211
131,129,234
95,477,293
249,189,53
18,241,120
295,416,477
425,66,241
65,59,172
463,441,99
464,45,196
213,305,132
291,319,278
202,23,233
232,338,498
451,41,53
90,348,343
73,476,172
455,92,364
356,452,22
122,477,426
217,157,71
139,130,480
41,0,156
37,216,211
155,238,108
98,299,15
230,384,256
67,163,112
432,475,361
98,363,297
209,362,187
75,346,84
171,478,426
497,426,194
499,241,278
376,84,66
349,239,249
90,465,50
385,98,392
259,64,109
360,68,294
40,486,274
139,379,312
390,432,482
5,225,107
454,353,478
19,187,247
135,114,156
231,280,325
357,264,390
174,262,203
392,89,12
438,198,213
385,433,304
189,237,383
395,459,104
205,317,157
267,167,153
217,199,336
379,488,313
41,274,302
332,337,393
132,186,444
288,26,289
338,376,352
187,268,154
404,204,178
360,7,484
144,139,322
266,419,257
155,51,462
475,85,356
362,103,12
70,256,35
127,288,159
406,57,256
291,420,2
256,196,126
19,209,23
84,356,217
15,87,335
309,100,159
23,118,458
209,310,28
124,339,407
138,44,25
160,161,104
232,441,124
255,478,211
261,30,357
136,386,25
312,66,492
6,64,491
433,465,45
449,301,387
65,147,66
57,26,497
124,303,183
92,419,447
157,302,486
264,316,101
398,217,46
398,29,340
469,30,69
223,265,129
331,158,192
95,204,194
485,208,302
98,340,52
414,136,323
332,11,430
479,464,28
312,99,118
186,63,195
8,443,88
121,294,471
247,464,259
289,186,249
138,188,358
31,320,273
94,364,409
332,283,290
241,457,44
12,138,408
458,109,208
7,4,243
404,141,398
429,458,381
199,372,57
240,397,272
113,126,84
343,434,468
436,255,435
40,422,253
42,144,277
303,239,284
230,281,428
254,45,440
216,295,219
384,355,368
442,204,167
432,240,417
45,353,380
248,199,83
293,469,343
248,253,429
476,115,0
88,44,408
447,192,435
352,195,334
251,98,42
190,230,357
404,410,12
198,295,444
165,402,479
26,343,474
286,167,365
215,32,0
218,240,73
353,345,207
480,165,34
360,204,442
229,485,305
282,174,223
390,4,233
130,195,478
268,440,111
38,160,204
347,241,185
247,105,456
79,425,88
451,62,136
224,237,444
293,456,165
87,292,193
130,234,379
448,18,237
452,124,346
381,432,125
158,253,315
191,320,356
189,288,170
440,344,343
97,449,405
27,254,483
333,78,260
276,400,488
341,62,17
149,77,357
116,286,265
462,474,282
241,97,72
152,399,329
230,349,165
254,268,195
454,2,130
47,354,73
157,349,225
39,434,159
233,68,107
378,200,77
198,18,303
82,329,231
138,200,328
452,382,24
54,128,321
317,307,236
442,431,7
180,448,25
145,86,53
490,47,445
19,268,49
55,363,218
345,403,47
289,209,263
221,142,36
125,39,322
108,268,98
266,326,146
151,226,217
289,321,350
192,219,240
189,197,74
156,414,67
223,321,400
125,379,395
309,278,404
267,259,241
307,397,280
189,13,242
4,113,60
237,401,11
388,169,439
340,211,226
410,92,174
237,293,247
290,360,121
211,404,375
215,314,189
248,263,225
82,180,442
307,340,198
439,319,55
292,310,465
409,478,305
71,354,75
241,109,391
198,49,84
164,357,446
336,312,197
495,293,481
499,444,2
468,87,319
461,130,123
242,483,32
343,216,493
361,303,350
326,343,187
238,364,78
86,432,341
189,454,54
6,301,161
290,314,92
461,74,449
219,398,147
332,209,333
143,174,72
421,410,134
69,126,460
0,432,429
270,106,34
426,38,259
272,475,140
471,465,407
135,426,48
363,242,27
159,448,357
361,324,284
372,153,130
111,90,23
108,220,110
79,150,10
211,13,157
361,315,448
450,204,287
184,471,388
449,96,494
229,371,274
419,385,168
258,293,223
133,194,120
241,70,397
234,249,26
491,79,246
465,183,420
35,246,392
273,362,314
318,207,199
36,239,402
4,446,499
182,413,265
360,77,453
425,210,309
243,391,314
300,263,116
35,398,57
467,338,62
37,188,323
426,418,282
305,116,425
434,43,106
141,93,450
463,291,219
211,307,168
230,457,450
404,59,160
0,4,360
125,38,405
75,66,153
370,367,378
251,431,409
246,296,63
270,271,2
57,216,173
489,269,490
349,222,109
62,338,439
143,150,294
65,89,139
55,2,200
479,310,98
183,458,344
289,340,171
408,349,489
468,310,415
385,296,90
73,146,25
117,247,494
252,280,374
6,333,106
73,211,351
424,333,465
236,97,236
475,246,369
254,96,172
331,327,360
232,46,117
162,265,97
378,438,112
172,463,96
39,47,253
140,31,85
363,257,429
486,377,72
353,421,396
6,230,457
76,358,177
152,359,254
40,254,334
54,195,433
155,415,431
194,202,337
191,8,457
179,292,41
349,88,88
496,102,311
128,270,331
372,444,146
294,482,136
329,399,262
224,480,101
466,340,147
313,100,166
174,272,18
14,83,283
498,8,319
98,470,341
488,474,9
332,281,52
70,76,68
472,47,408
132,207,319
286,190,205
148,329,258
270,427,45
92,40,202
21,306,310
228,169,374
168,382,266
380,316,202
372,388,297
220,335,158
7,128,393
307,383,490
43,241,44
350,103,40
27,196,327
40,323,181
257,51,118
401,274,359
433,37,444
369,487,437
348,101,122
354,498,470
354,344,341
219,118,415
47,43,208
37,193,430
93,245,67
317,423,344
364,232,345
436,93,96
349,494,392
442,312,104
179,283,186
361,331,299
264,409,317
346,180,16
20,271,49
444,13,330
24,62,3
292,306,255
437,459,456
264,483,357
161,396,62
399,380,482
457,237,394
185,65,363
158,241,183
196,304,245
297,156,40
112,456,89
194,89,206
271,367,77
148,141,49
96,370,232
195,292,302
86,112,479
27,95,183
1,75,48
321,105,281
166,51,196
318,463,27
148,490,376
150,456,108
494,124,153
363,359,423
496,267,6
193,307,295
27,10,367
72,272,415
412,396,144
14,156,390
477,2,274
55,387,242
150,163,321
98,139,473
176,173,205
27,440,339
1,90,465
0,415,346
431,322,454
154,269,320
180,192,16
315,192,409
158,362,221
4,482,190
465,356,52
5,400,127
124,333,392
466,95,23
369,364,298
61,174,320
251,310,114
167,384,218
402,426,483
327,464,276
264,306,9
424,77,22
420,207,439
30,157,137
151,74,346
67,72,298
45,432,445
111,96,144
400,459,55
499,448,359
351,223,364
208,73,182
348,112,221
138,465,71
48,170,15
242,297,138
318,463,487
216,403,171
185,279,168
194,77,13
235,245,455
196,473,318
298,317,438
496,107,133
101,400,433
97,129,197
110,474,272
62,164,27
241,251,58
143,377,246
58,271,190
387,419,160
135,62,407
229,413,33
226,276,264
214,336,255
431,291,465
355,181,349
12,405,231
326,409,205
122,137,159
345,195,209
359,90,304
257,458,406
31,375,155
102,405,327
320,198,363
199,327,0
313,489,382
482,345,361
120,9,432
105,431,3
8,407,367
132,421,283
73,124,438
175,337,140
217,7,134
220,199,101
175,218,441
86,459,382
131,307,483
191,91,292
92,485,295
451,296,295
301,288,89
459,440,156
57,294,255
80,494,164
38,338,298
121,345,192
399,146,413
248,372,286
366,248,308
303,131,170
237,66,174
244,462,364
235,279,378
411,80,161
479,286,427
421,414,9
496,339,58
124,231,237
153,246,206
214,124,130
3,362,450
343,148,179
11,258,109
7,4,416
295,330,311
154,348,59
197,209,206
250,407,14
289,478,173
173,374,394
304,60,37
126,116,51
24,352,466
388,148,96
15,385,497
474,256,464
224,423,194
177,309,375
316,211,143
385,381,69
146,164,128
227,356,455
442,86,181
277,285,152
210,467,431
353,230,495
251,24,2
265,298,19
410,153,127
487,305,404
31,18,264
92,275,230
412,172,356
407,456,308
9,478,470
95,281,345
481,31,356
359,300,442
80,5,312
343,160,362
291,311,241
365,89,374
438,361,437
121,34,399
165,251,50
40,15,341
108,189,18
71,182,444
337,305,172
219,460,54
493,129,326
457,54,130
416,210,133
409,22,447
237,57,391
476,343,59
323,204,41
16,414,155
47,155,453
298,402,259
217,163,84
34,340,354
115,133,438
207,240,140
85,473,164
390,182,296
73,4,385
17,298,31
225,276,445
384,196,366
235,443,156
248,259,451
130,51,3
241,118,431
334,240,477
140,415,370
271,20,404
374,313,43
37,426,450
371,105,239
434,473,261
139,184,366
52,75,309
255,174,475
414,252,304
52,54,427
286,169,34
146,8,169
130,34,265
8,389,227
474,4,371
81,443,100
479,337,207
498,375,194
324,347,406
276,110,72
4,75,262
114,234,451
377,13,174
47,335,126
40,443,62
128,311,45
418,262,161
221,374,256
9,113,134
352,143,305
124,28,187
162,434,77
304,302,430
202,12,489
134,63,144
327,323,173
158,302,344
1,31,142
283,157,300
375,419,143
20,476,22
484,123,431
435,472,463
33,429,205
8,60,338
325,63,306
310,5,72
46,264,112
432,43,91
346,394,389
327,259,334
137,439,32
252,143,127
493,228,227
11,344,130
405,491,186
317,114,107
379,65,381
154,192,489
494,130,422
125,398,314
190,273,208
89,269,490
157,36,65
386,63,99
177,142,303
110,42,130
81,173,471
141,373,95
425,170,497
264,316,19
483,17,25
488,213,397
450,150,290
310,179,142
191,476,51
300,335,242
378,20,265
238,166,44
121,485,458
222,410,248
466,174,39
143,375,31
256,350,338
210,476,419
196,59,393
65,322,300
380,219,66
378,384,40
314,326,370
407,204,122
287,195,295
68,114,409
202,96,20
499,383,363
82,233,20
26,342,411
290,418,295
329,102,78
183,68,277
192,474,98
282,117,469
5,144,447
113,49,107
208,159,27
473,297,309
23,254,278
387,146,235
290,367,437
321,252,162
405,378,104
65,288,466
227,373,290
395,233,23
433,129,177
463,191,186
196,56,125
235,72,34
198,398,217
244,210,384
493,117,277
120,431,78
8,225,174
369,414,330
216,401,136
398,363,406
311,311,261
364,36,23
196,472,98
297,385,255
444,110,92
276,34,306
334,113,242
6,483,42
340,340,119
82,27,467
157,130,379
377,254,176
195,493,405
469,87,70
395,495,216
176,442,223
453,329,447
123,99,451
361,11,225
148,34,242
404,323,480
460,34,19
148,28,22
370,107,421
297,240,55
105,113,310
415,417,326
494,127,83
461,153,345
246,429,320
148,58,205
232,223,452
45,441,92
61,473,414
175,39,104
283,201,16
183,347,30
412,305,454
359,309,166
391,326,90
180,496,391
137,170,247
43,18,156
155,156,194
461,68,245
21,300,164
362,424,146
436,235,14
97,455,241
258,66,210
398,463,137
98,146,312
53,391,323
94,143,237
134,36,145
337,256,57
468,201,296
14,399,361
252,93,7
147,51,301
59,42,77
408,221,328
257,314,472
49,376,472
146,312,240
66,237,121
277,237,461
168,308,385
21,254,286
419,31,445
63,451,459
295,396,238
304,180,308
439,382,189
314,492,188
306,388,328
214,59,11
379,355,292
155,122,464
334,167,229
1,385,43
151,286,304
426,230,330
324,115,60
284,378,304
82,142,13
400,11,59
408,91,112
414,340,279
436,209,277
143,247,432
448,125,334
486,194,112
378,79,99
217,124,488
9,314,417
472,308,298
238,212,479
16,237,89
298,54,99
451,261,245
425,310,380
439,226,237
452,494,335
154,389,120
356,276,294
369,23,70
27,80,398
381,226,63
384,65,326
198,192,146
208,230,75
445,331,379
370,166,27
91,277,4
119,291,275
340,172,145
194,483,410
228,274,135
163,247,2
246,274,149
138,142,82
117,345,457
460,271,459
269,155,419
136,221,491
114,437,410
400,5,327
216,238,461
418,189,366
109,135,400
80,197,466
372,349,123
475,36,63
478,380,379
339,427,172
281,187,470
495,416,86
97,87,293
145,138,235
383,196,88
194,115,190
340,355,75
31,136,473
316,324,123
62,399,64
99,409,99
301,157,308
433,221,243
460,78,281
441,248,150
333,93,269
98,410,156
298,435,328
175,70,43
283,224,239
221,82,498
150,436,59
132,341,110
254,48,487
211,381,449
378,21,97
287,15,66
443,175,157
397,390,360
172,403,340
4,282,466
8,369,85
172,396,67
17,385,249
354,79,59
445,370,48
424,395,239
491,271,21
232,343,448
435,196,249
180,400,475
472,364,179
415,484,263
485,410,433
388,105,461
70,379,389
188,174,279
436,381,83
193,381,427
117,232,499
86,250,196
478,293,352
97,371,213
217,237,220
433,103,422
199,128,91
343,277,422
353,383,271
272,213,296
265,443,285
369,12,0
359,357,134
321,423,237
187,78,354
109,151,97
14,280,435
416,34,367
402,382,448
311,309,140
238,263,391
190,311,68
248,11,456
56,276,29
124,142,440
179,332,248
220,68,495
405,180,297
342,418,70
231,436,355
362,410,394
483,66,7
458,36,471
461,373,361
84,112,135
58,478,251
411,194,397
167,353,65
299,493,53
182,59,125
72,108,106
118,161,328
198,378,218
93,102,286
126,72,102
58,285,420
224,59,279
243,81,451
429,340,476
23,237,125
328,88,337
169,464,167
239,33,143
359,316,119
217,145,223
404,211,15
329,401,335
403,328,227
432,162,477
119,134,477
399,91,325
252,405,22
388,158,144
300,385,381
239,111,372
451,484,3
153,415,172
480,419,130
406,57,183
213,132,297
242,323,407
2,130,25
139,367,228
74,304,475
316,458,495
184,426,431
288,79,114
214,69,345
55,492,36
134,220,293
491,394,27
358,485,316
224,27,484
29,250,228
238,87,257
57,213,259
468,426,429
156,329,260
364,116,252
302,432,478
213,296,105
374,262,266
113,163,241
122,327,375
331,119,424
108,55,286
353,266,201
259,353,428
450,186,118
157,273,488
157,117,485
296,247,234
311,422,339
117,23,239
285,405,110
404,204,289
37,305,261
279,287,7
310,397,262
202,118,453
480,245,102
86,100,367
184,237,266
214,35,314
277,300,200
295,480,426
36,303,46
82,400,457
31,249,474
228,479,385
321,35,482
441,96,258
254,11,76
124,66,219
233,364,499
466,327,74
245,266,74
271,315,229
443,325,148
34,182,197
15,475,434
400,350,413
28,25,299
247,348,465
468,317,88
161,249,41
183,49,204
331,39,34
33,351,224
162,8,9
202,88,9
440,485,106
238,217,416
87,95,318
195,438,367
183,186,250
147,409,23
460,114,78
35,327,157
246,403,316
56,119,110
136,140,465
71,143,423
180,277,335
347,354,257
206,248,110
209,251,410
327,28,292
71,35,146
89,453,239
194,299,219
376,390,495
267,312,495
87,205,243
455,67,98
429,203,110
135,221,215
444,13,369
345,308,66
341,468,471
435,362,111
395,202,287
102,463,203
2,238,228
211,153,282
381,380,13
89,112,132
89,326,88
7,476,354
340,320,92
253,182,242
163,406,89
293,212,329
149,465,216
19,424,129
119,465,446
113,353,370
110,58,357
159,416,186
45,164,209
489,201,449
237,358,315
450,80,16
376,381,416
102,360,135
190,81,184
102,265,157
317,42,408
82,434,78
28,474,258
214,245,444
412,280,498
315,456,155
341,58,159
28,334,460
312,388,315
325,341,64
108,320,325
101,236,243
59,255,368
109,157,281
42,134,240
313,443,286
23,254,391
432,100,296
225,477,78
205,49,462
49,362,289
111,104,204
148,306,313
374,400,448
296,364,8
51,254,162
14,181,425
174,242,465
16,491,222
380,487,483
78,355,289
242,5,0
76,259,415
487,240,46
343,280,365
439,441,150
389,337,112
122,52,36
62,62,86
378,104,469
428,173,269
217,41,394
280,137,60
329,430,285
23,357,130
32,318,3
179,120,254
15,84,4
473,75,379
223,462,353
69,313,336
196,203,396
72,199,425
13,56,154
223,397,166
226,273,404
9,495,497
285,208,476
261,455,37
356,318,107
498,408,263
426,122,6
279,288,118
441,486,24
164,279,100
139,22,364
192,448,240
168,140,136
452,100,426
243,282,149
414,303,267
191,47,258
260,230,489
304,280,364
361,303,372
371,313,486
139,164,158
16,205,441
50,482,221
371,148,145
26,105,444
179,404,114
189,304,44
333,401,240
234,128,471
272,112,426
312,91,400
11,144,212
219,54,81
426,196,13
231,487,455
341,423,342
91,445,173
344,72,390
176,242,475
161,44,497
168,313,251
62,77,339
102,249,261
396,221,465
72,262,238
359,231,19
139,353,36
59,386,346
43,82,405
476,196,339
387,437,388
423,1,106
27,213,128
325,429,382
164,415,290
178,83,324
377,39,40
64,404,30
293,46,277
168,96,278
60,465,137
144,24,293
275,200,114
37,466,394
450,125,280
364,129,408
480,154,192
380,414,170
462,408,170
400,373,16
109,306,427
65,398,34
417,182,59
28,257,359
155,115,92
432,416,287
462,10,286
89,330,202
222,320,471
199,361,193
45,243,349
394,183,473
6,431,285
86,211,221
265,51,112
436,98,295
249,209,21
294,384,389
298,494,71
342,339,397
286,92,280
108,259,390
157,463,425
151,309,154
102,244,345
356,241,106
166,47,417
413,61,30
12,27,439
331,234,339
57,235,188
453,122,43
167,140,400
297,174,395
133,70,297
21,494,4
498,87,39
355,146,200
414,168,484
170,383,185
177,244,145
421,136,200
263,193,398
86,446,412
390,86,490
304,355,299
27,222,226
481,109,52
79,46,177
109,453,249
353,85,322
328,320,323
134,197,271
34,63,28
491,64,121
371,210,42
480,75,413
93,95,403
320,137,321
67,26,365
383,286,429
138,164,5
318,37,466
304,370,373
178,408,456
361,143,220
62,156,296
84,268,302
415,128,188
59,99,70
76,56,90
276,7,205
476,457,498
475,355,242
264,246,72
424,152,23
216,325,455
225,264,60
263,162,247
291,329,352
5,412,428
138,149,96
223,117,429
300,13,113
414,397,105
285,3,56
48,210,175
44,19,385
75,73,362
155,90,337
323,171,319
312,197,334
277,376,245
271,35,131
382,426,55
423,449,483
77,345,136
78,241,326
492,481,281
215,342,82
474,395,182
317,190,399
28,338,134
434,436,42
158,434,154
264,134,499
284,392,366
499,487,218
274,204,432
304,422,183
250,275,221
254,318,25
249,325,296
473,284,372
406,298,363
453,64,37
263,457,266
291,84,38
469,12,449
209,56,322
15,345,371
6,152,189
375,328,304
165,350,274
135,0,319
420,257,107
429,331,409
446,379,72
165,377,151
326,420,237
373,164,447
305,205,58
94,463,174
148,452,76
385,367,294
309,161,63
44,21,296
216,405,248
379,71,400
153,69,258
61,368,58
14,347,210
487,309,345
122,349,4
447,346,98
478,146,471
389,99,348
410,14,25
447,181,291
377,462,114
422,238,445
170,98,431
429,261,374
358,311,418
309,493,147
350,345,104
435,195,323
281,322,211
467,438,59
368,333,234
253,87,135
387,344,240
271,399,303
145,333,428
401,305,54
398,60,53
408,33,292
3,363,341
469,384,190
399,84,368
14,365,435
385,11,9
421,260,87
54,28,379
329,265,483
392,89,416
168,411,38
93,403,377
273,258,177
105,79,348
255,300,450
246,391,395
438,352,198
336,280,477
281,187,177
331,165,216
400,458,73
171,181,112
314,260,321
428,99,429
239,317,140
157,498,114
202,462,282
456,349,67
497,460,52
377,138,491
310,392,460
124,438,430
397,26,54
168,340,183
386,493,293
9,203,280
112,344,467
454,340,265
243,285,294
169,416,256
383,417,452
264,50,459
312,324,415
479,467,297
48,268,142
388,299,134
356,318,226
384,98,211
147,474,51
330,430,107
102,340,497
329,345,76
28,298,458
236,215,458
168,451,390
315,67,279
194,70,270
125,294,263
479,292,161
349,339,246
167,103,331
215,351,371
233,232,432
498,412,439
312,313,279
323,134,35
262,138,116
347,422,335
9,72,431
49,414,420
449,314,216
207,160,163
422,263,446
193,404,306
346,101,403
266,458,315
393,300,90
16,61,395
120,247,352
272,169,388
463,305,498
389,137,463
336,177,165
145,86,401
214,246,397
429,135,223
330,497,145
86,447,494
40,263,188
425,433,78
329,275,267
106,482,303
150,241,156
476,1,140
334,386,400
443,263,368
313,198,6
4,240,474
70,72,90
311,485,46
442,135,284
71,251,232
376,108,223
44,143,237
450,466,494
171,100,176
479,246,192
300,92,220
44,492,282
125,250,363
365,40,230
438,168,403
475,299,206
472,448,165
80,316,171
313,350,192
464,178,426
474,413,97
306,465,75
423,7,46
9,251,274
269,240,467
112,288,486
411,214,439
433,482,202
104,304,167
437,265,314
324,50,237
115,217,273
256,127,311
313,431,14
443,465,268
398,331,209
314,100,100
189,469,370
103,486,290
234,98,237
227,49,270
202,342,191
40,21,423
238,485,17
319,66,83
405,265,223
117,17,292
399,14,446
11,491,135
230,158,281
255,112,124
128,449,474
211,220,438
278,48,386
256,466,391
300,58,184
364,406,221
178,215,92
117,227,148
440,118,113
67,168,422
134,266,461
44,394,229
155,30,347
10,233,104
88,327,117
482,264,313
321,456,35
327,481,61
230,168,477
129,480,106
88,67,489
80,283,384
383,431,463
454,189,465
210,446,232
10,357,141
50,272,135
97,345,315
466,109,176
375,450,343
469,255,168
18,131,90
114,16,72
147,301,256
396,161,384
161,193,249
51,125,190
370,268,325
402,192,238
195,469,5
64,272,86
17,1,127
269,184,465
348,54,450
421,322,0
346,69,486
499,340,499
416,39,482
343,287,425
314,310,249
345,146,153
313,338,325
18,154,487
258,254,157
380,87,106
314,344,369
276,236,402
54,438,143
367,112,334
56,418,496
237,168,15
263,442,21
18,207,484
306,209,301
224,382,285
132,272,313
270,368,452
7,31,8
164,486,160
220,404,319
126,399,404
384,184,167
235,33,73
374,74,481
251,315,131
88,428,362
261,344,380
401,103,172
289,66,136
197,490,354
353,148,244
359,38,145
132,94,329
176,451,483
333,269,304
110,123,42
490,12,162
185,122,359
320,367,8
11,426,244
371,98,241
468,288,359
196,475,415
136,98,431
36,405,160
408,213,389
252,425,45
4,433,225
230,286,271
110,272,72
316,291,370
273,224,302
402,432,478
214,408,425
67,117,225
470,324,308
238,24,366
452,248,239
98,151,490
210,64,104
386,9,175
114,310,113
126,91,491
254,99,182
357,209,301
42,17,27
413,418,406
91,429,91
84,484,32
481,232,4
67,190,29
181,93,76
288,56,463
326,86,168
215,163,44
201,70,471
416,175,14
258,447,423
37,471,331
312,488,482
434,146,140
426,318,405
398,339,384
21,55,291
279,259,435
272,154,55
108,403,198
60,111,212
271,14,158
287,399,291
49,265,236
146,195,147
367,196,273
309,465,40
386,455,447
443,195,407
50,125,225
230,264,83
377,364,483
190,104,423
323,404,328
148,300,311
0,290,482
319,495,459
5,274,369
485,241,163
414,146,246
490,463,149
341,352,496
462,235,474
488,292,132
64,296,473
4,81,423
82,70,446
208,106,42
185,186,418
225,368,368
55,456,170
124,244,106
306,343,462
310,274,20
349,321,367
98,93,37
176,104,208
128,177,482
164,85,107
246,393,259
421,398,104
121,265,470
437,41,414
127,367,57
478,277,239
158,404,462
313,83,233
87,455,43
299,124,278
381,146,325
486,104,203
424,10,329
460,204,6
236,91,383
427,49,398
159,149,487
376,127,7
10,102,472
3,431,169
276,404,424
4,208,370
159,294,57
157,499,473
377,367,270
118,171,88
383,387,335
352,305,387
281,392,285
33,415,65
476,442,50
230,268,316
461,420,276
402,150,397
213,82,479
275,372,207
333,275,482
448,303,307
262,172,217
116,97,104
168,92,62
111,127,255
234,19,81
189,244,22
162,270,317
362,289,282
72,249,90
89,56,168
408,394,165
84,326,407
74,25,356
317,318,244
467,301,182
127,401,288
270,83,22
304,68,113
122,237,133
273,365,48
35,57,231
118,355,323
190,192,484
204,289,119
79,232,233
471,259,150
475,434,266
80,413,86
289,415,84
315,224,375
100,21,405
178,498,382
394,312,390
369,387,179
76,282,174
300,257,248
431,358,292
142,336,106
448,122,86
105,22,301
474,415,223
324,306,268
47,387,477
288,276,60
26,15,214
59,202,408
493,162,420
341,181,104
177,293,303
255,165,437
436,158,104
484,31,208
120,389,412
356,348,475
448,303,230
73,321,141
243,120,94
411,195,322
76,253,308
373,236,320
159,265,330
386,201,230
371,283,169
199,395,477
400,64,337
332,475,72
66,181,433
219,34,120
312,445,415
448,89,153
22,126,464
364,220,486
34,271,324
412,182,289
310,323,208
192,276,352
181,444,30
422,433,345
305,461,186
199,236,169
104,329,459
309,315,50
50,389,482
105,258,454
331,414,143
185,424,71
136,444,467
89,199,472
425,416,466
290,210,486
285,129,238
107,207,462
258,23,300
260,116,305
156,171,360
101,344,96
140,116,34
210,123,139
371,152,143
118,434,359
312,488,281
479,62,281
95,191,215
295,354,206
367,318,138
485,52,183
499,411,109
416,381,11
367,258,124
73,311,99
316,448,268
40,375,440
325,168,3
248,179,271
412,416,308
341,457,302
141,45,359
466,194,122
114,343,47
135,240,388
204,121,489
313,218,226
317,487,433
275,166,443
1,41,310
408,245,122
165,180,441
220,259,410
363,312,120
41,189,101
469,436,446
362,405,405
81,194,334
349,356,59
353,27,135
371,236,193
473,108,221
120,484,86
169,14,489
119,288,43
379,167,265
393,161,470
419,114,271
204,153,357
369,200,219
496,439,44
206,56,333
176,330,242
140,457,284
495,55,310
458,264,363
171,439,80
65,491,219
70,6,288
372,423,405
149,129,441
438,104,436
355,91,94
399,354,263
276,384,164
341,7,437
239,154,481
222,325,359
31,294,331
426,123,162
56,155,179
266,148,384
163,10,494
5,61,433
432,247,279
292,405,71
7,181,422
123,239,296
22,58,438
351,271,161
348,87,463
479,442,43
443,437,138
20,288,82
118,67,99
394,215,6
315,222,310
427,311,409
282,180,105
499,330,407
207,41,431
147,380,69
253,207,55
336,163,279
281,59,220
54,485,136
410,461,481
53,287,247
223,119,75
446,114,444
293,106,435
15,16,282
100,306,17
7,261,134
496,409,446
135,185,465
204,99,422
433,316,4
106,56,486
146,409,33
380,239,311
279,235,115
243,272,223
36,246,90
387,143,220
271,74,366
59,289,446
333,418,78
119,444,405
286,52,258
104,239,91
415,181,259
147,269,236
465,404,382
347,221,74
183,107,154
221,112,82
133,49,163
233,232,179
207,250,362
369,494,308
419,100,289
55,225,27
224,416,273
271,425,417
211,425,81
137,0,472
366,411,46
466,181,186
279,63,83
318,8,409
396,461,141
238,104,365
342,151,205
477,348,448
23,467,153
418,235,206
146,127,355
410,220,310
482,238,167
23,364,212
339,420,294
435,129,25
424,22,449
266,236,345
154,248,55
323,143,256
31,495,317
336,343,263
366,463,36
186,380,480
28,329,288
389,269,375
247,258,333
259,227,82
105,495,407
155,89,175
304,335,166
395,459,482
59,301,144
154,233,495
338,173,329
329,274,10
485,212,255
321,160,391
379,109,32
455,167,292
434,215,212
394,175,281
286,346,1
97,39,478
446,35,325
190,43,151
98,337,337
346,181,376
472,112,178
444,328,66
374,479,269
260,416,187
380,31,468
218,251,382
491,237,395
204,402,16
140,380,135
116,19,185
317,285,245
75,231,348
226,322,240
420,146,246
264,36,263
160,391,401
397,382,143
74,335,329
103,158,426
468,458,169
61,257,199
68,7,499
19,315,290
481,65,277
125,385,11
246,433,5
334,448,201
358,383,225
300,47,273
333,240,195
239,161,128
422,287,424
451,50,485
394,180,97
78,479,95
340,498,273
74,448,436
6,357,245
297,273,8
228,220,248
274,432,153
496,159,177
389,245,168
269,362,49
75,12,289
468,3,396
364,133,253
7,391,36
68,113,258
311,36,229
117,128,457
15,456,126
448,444,301
0,150,23
106,268,193
345,23,283
181,164,166
222,355,332
394,289,331
247,113,164
99,431,186
244,4,50
153,15,361
145,416,460
82,474,396
310,348,473
165,225,46
321,31,428
237,385,252
453,229,206
119,162,355
301,244,132
75,79,356
475,19,235
396,190,227
499,452,109
280,402,225
349,16,439
236,303,24
489,199,469
130,119,483
226,406,363
420,225,118
246,12,10
394,150,98
117,313,433
231,104,471
354,40,15
333,458,448
379,143,225
134,64,10
450,374,312
217,169,260
110,410,305
493,32,437
167,395,497
420,382,177
434,455,479
323,252,425
325,356,191
369,479,445
443,361,67
259,256,216
287,205,412
318,481,52
472,206,36
313,147,105
435,333,216
302,175,396
263,283,445
463,245,369
40,20,157
340,45,28
486,22,442
432,242,374
141,173,232
327,371,433
46,231,195
52,323,474
201,197,181
186,405,102
35,220,17
202,334,238
124,197,74
16,316,75
124,35,191
495,374,429
210,212,491
38,439,281
245,447,337
492,273,493
234,485,478
166,129,369
219,104,310
487,267,311
271,236,251
24,396,7
83,371,339
60,413,475
123,300,111
87,88,127
232,305,104
62,27,390
124,280,347
37,45,333
363,188,350
234,246,421
380,176,259
127,377,94
172,301,342
263,249,364
88,281,101
176,470,76
96,441,86
15,219,169
405,229,444
394,221,328
262,242,146
463,334,499
29,435,241
364,405,195
87,171,155
457,376,485
345,409,90
20,255,426
50,284,276
344,112,0
408,24,102
412,475,235
248,288,13
249,471,112
356,387,305
348,72,137
414,88,357
134,329,9
184,229,76
66,0,428
301,473,288
321,454,170
39,193,405
350,431,218
11,146,350
417,471,451
187,395,342
18,442,214
276,280,367
408,198,340
317,337,424
122,395,30
207,428,153
216,305,44
329,57,492
229,300,33
392,67,452
153,392,226
47,101,469
95,10,55
64,141,145
302,45,183
35,41,188
211,342,53
492,136,1
221,163,45
54,268,434
97,455,242
89,492,280
232,39,104
96,43,492
466,286,260
136,339,459
53,118,282
129,488,361
284,426,300
271,191,307
341,307,61
44,286,301
81,35,323
253,324,373
350,192,313
120,174,73
444,291,409
96,433,107
164,26,377
204,345,356
486,88,417
441,335,260
365,34,299
278,361,393
7,330,449
76,168,37
292,8,408
375,51,302
384,288,461
57,103,24
95,294,150
437,296,42
210,414,378
322,12,485
195,29,312
173,288,403
347,7,324
165,92,367
98,177,104
452,196,84
437,172,440
307,115,397
493,463,420
290,11,441
464,410,484
14,49,267
163,25,96
406,192,347
475,492,186
220,388,58
429,449,444
494,175,48
294,57,276
260,207,476
431,254,385
135,229,409
360,17,27
219,381,332
436,184,235
320,267,12
268,395,371
337,344,424
276,427,186
161,182,89
104,316,498
265,85,376
310,80,482
466,402,264
229,306,117
398,322,29
493,112,421
326,422,368
413,120,46
411,443,340
227,354,346
178,300,219
59,402,29
168,131,326
293,408,340
23,382,135
117,198,400
329,402,204
455,138,391
390,427,245
161,459,266
303,199,195
253,335,436
457,393,241
478,129,257
376,167,345
280,381,400
199,248,310
495,417,318
103,257,196
306,120,57
353,236,151
29,373,141
482,147,65
144,222,260
124,316,223
381,289,30
205,263,440
125,3,72
80,142,34
480,115,159
201,34,71
96,28,273
238,384,463
228,465,242
437,158,273
488,14,18
303,357,351
305,386,207
349,474,498
316,137,392
216,454,47
9,289,63
389,319,377
434,282,143
246,456,297
417,262,239
328,271,338
113,239,87
375,466,43
308,211,223
439,461,57
103,354,384
411,136,437
222,222,287
244,440,256
278,141,344
490,135,162
306,167,369
269,141,441
110,309,454
439,128,211
211,448,50
335,357,140
8,297,232
202,160,436
44,358,11
187,289,444
134,215,421
285,6,345
443,259,43
412,192,281
142,411,185
116,55,357
335,145,230
262,459,251
243,51,358
117,147,457
362,47,246
331,128,377
359,182,260
281,486,491
351,17,430
69,244,250
354,96,447
489,411,402
156,459,181
440,63,324
340,140,413
72,333,11
333,495,272
358,146,3
445,99,58
405,348,58
276,304,479
429,496,9
319,370,343
32,458,359
426,13,123
428,318,12
461,298,346
207,98,323
7,61,89
135,365,423
23,10,129
67,342,484
266,161,196
282,371,268
62,393,363
49,498,409
187,292,265
461,266,220
269,71,84
76,454,448
497,315,111
349,162,344
184,7,273
53,269,218
157,270,26
66,254,331
93,19,134
291,452,123
314,419,148
116,132,7
477,89,41
491,309,407
408,266,487
61,161,300
344,45,201
319,72,132
303,1,331
490,120,113
368,372,45
115,364,167
237,313,452
70,137,121
465,20,167
333,352,451
251,327,233
249,367,265
197,81,211
212,465,98
185,366,0
321,243,269
328,41,69
92,9,424
350,469,282
24,415,121
391,87,175
81,54,9
247,6,62
125,1,319
127,407,41
186,52,309
256,445,365
128,109,143
466,446,478
405,140,378
220,198,285
165,275,399
488,60,248
72,165,179
198,120,3
184,471,69
403,41,304
250,307,76
57,219,172
97,131,379
324,80,397
413,396,327
133,173,61
307,63,133
168,279,44
168,352,387
145,300,431
420,492,181
416,135,460
18,340,252
345,127,274
480,415,240
161,220,204
278,77,383
396,40,13
170,57,438
204,222,177
241,123,318
327,6,451
336,204,310
40,91,150
6,225,468
334,393,37
453,252,419
403,494,479
413,50,311
340,168,191
303,291,22
111,304,262
237,250,363
119,222,166
247,432,140
338,406,402
267,310,60
322,100,328
73,367,89
377,166,290
183,194,244
161,26,479
485,220,457
93,35,290
253,325,439
266,1,156
103,130,110
30,29,316
328,223,416
246,490,268
488,286,478
105,78,229
129,99,166
461,126,257
54,444,421
480,372,105
412,260,75
175,458,91
7,268,117
153,419,66
218,258,84
380,310,343
57,457,208
355,138,137
242,390,302
187,142,213
357,407,78
101,430,457
292,499,146
454,136,213
158,216,172
402,63,104
351,244,361
158,73,171
209,460,435
67,132,261
246,166,310
6,275,124
124,380,234
136,170,69
172,316,8
207,372,114
80,127,104
333,106,323
182,335,480
83,317,429
213,303,275
137,180,418
290,68,373
328,402,192
472,177,99
429,427,41
278,105,44
44,334,22
403,447,29
295,58,145
6,143,407
293,271,477
466,33,416
374,120,280
331,465,340
238,105,241
102,384,158
410,286,59
13,154,222
421,264,27
116,163,168
209,239,122
280,454,121
465,20,398
331,353,349
329,417,148
159,428,376
357,196,487
450,428,260
166,150,442
395,431,385
287,175,129
1,476,69
315,296,325
303,339,448
291,196,403
479,100,257
457,434,204
1,367,217
144,268,385
254,98,44
116,402,187
337,316,108
473,90,70
139,250,317
185,457,198
216,494,55
289,251,440
369,364,56
350,114,234
69,168,199
236,212,336
393,259,491
181,142,70
20,322,255
154,58,257
404,369,354
108,472,52
252,282,359
270,277,144
426,211,434
66,106,330
308,28,489
421,316,93
466,390,237
155,24,291
305,27,362
218,388,12
118,219,229
243,69,446
252,153,112
21,64,200
221,450,290
368,291,415
270,487,419
91,183,241
68,149,347
130,164,127
308,226,2
108,66,394
175,316,141
65,288,446
55,69,133
37,368,349
185,456,438
324,463,415
4,292,325
222,267,62
240,477,217
310,488,2
222,7,441
56,204,363
127,425,174
238,386,151
397,85,487
448,196,163
336,247,434
32,499,356
230,69,386
487,343,387
438,50,98
244,299,393
398,69,296
143,490,382
156,347,277
309,324,372
199,234,3
131,400,13
25,490,12
100,280,471
175,119,170
191,370,234
456,121,153
347,227,322
327,118,163
390,165,74
328,447,144
61,40,251
219,303,331
88,232,25
121,127,399
241,312,89
453,95,362
34,447,375
445,316,220
454,142,88
363,342,56
105,31,453
195,230,429
278,142,271
483,76,473
116,176,369
211,60,404
95,215,252
387,146,90
201,238,21
19,133,53
407,495,15
459,434,372
133,452,210
281,162,417
264,435,362
343,223,343
245,94,361
409,413,273
340,465,127
116,59,432
81,326,283
82,171,337
291,475,136
90,183,20
109,414,206
253,296,375
207,289,331
120,430,238
183,474,401
98,332,56
405,447,115
430,468,44
303,360,268
452,215,5
453,40,121
377,414,385
207,228,261
448,374,98
426,375,448
476,9,490
379,423,119
394,45,301
248,289,415
201,22,143
338,384,469
469,4,146
382,420,175
362,217,269
262,376,415
465,389,257
492,356,81
28,376,82
413,63,265
86,69,80
425,51,264
436,1,421
244,39,169
379,148,478
132,475,332
485,304,202
169,83,99
96,208,297
37,288,123
373,422,490
351,193,132
402,186,375
438,162,117
466,37,412
274,470,472
454,219,382
439,407,55
412,244,351
454,323,33
166,309,469
194,305,120
411,296,322
288,234,224
76,301,423
262,172,112
136,226,295
327,498,180
191,350,295
120,356,111
18,193,41
117,221,51
440,241,98
188,221,461
370,312,370
234,152,361
447,456,263
14,425,477
286,92,176
279,417,40
348,181,21
68,132,96
284,324,259
401,404,173
29,203,438
132,204,83
479,102,148
472,415,84
217,56,298
355,153,314
140,286,306
66,297,311
381,34,106
264,161,16
407,202,47
440,218,357
179,153,132
460,181,124
308,497,321
316,237,224
425,106,38
147,374,233
257,89,287
119,139,277
474,318,448
380,451,265
406,88,62
483,69,155
253,46,118
247,48,25
437,399,174
273,133,308
269,166,74
71,438,90
191,482,166
323,162,126
401,282,310
271,82,25
252,132,271
92,438,283
244,356,435
254,438,113
423,419,234
282,188,188
441,249,451
251,166,392
346,409,257
414,403,220
438,91,21
415,333,315
70,406,481
72,318,134
403,463,55
34,150,84
242,357,157
438,150,168
466,20,28
1,210,479
295,189,194
154,118,203
145,247,160
410,360,269
336,141,339
407,157,31
228,48,365
498,243,105
27,17,221
168,15,433
414,419,348
408,187,268
200,13,248
360,215,172
388,360,33
403,479,268
46,368,81
227,173,46
177,248,12
362,431,355
208,309,172
363,165,131
164,168,230
184,355,245
427,217,93
348,63,491
379,391,192
359,136,283
26,229,48
245,385,171
80,481,35
318,239,210
278,424,34
159,378,453
152,452,16
223,472,165
20,430,251
124,93,378
37,215,63
20,304,357
212,404,6
430,243,360
225,82,495
246,252,103
5,75,172
207,482,132
352,335,85
47,359,295
320,8,465
240,380,351
277,372,270
349,202,250
78,114,300
241,217,40
226,287,427
163,215,151
382,278,298
107,309,419
86,60,417
244,219,176
283,137,83
174,384,402
494,398,105
224,125,340
394,484,433
491,487,352
4,83,455
275,133,468
469,454,330
110,168,192
407,329,490
414,54,146
305,263,269
221,134,183
120,143,16
197,420,44
274,143,177
389,241,422
209,258,361
179,302,238
77,247,490
138,161,472
489,54,401
316,20,176
317,275,301
85,382,59
136,64,435
92,373,327
176,474,331
186,420,242
361,240,368
445,208,120
378,388,442
164,292,185
26,77,10
15,168,224
404,433,160
405,11,434
103,390,140
221,34,143
435,452,56
120,274,129
27,57,343
109,467,33
350,362,119
142,468,60
453,426,458
145,76,75
326,41,57
229,245,138
23,201,209
212,452,414
118,489,202
264,228,124
410,144,479
12,260,359
484,145,32
136,92,382
121,209,380
310,309,262
352,148,441
76,452,275
255,125,448
172,286,329
207,304,209
119,280,217
24,34,118
219,176,254
251,276,283
27,96,457
44,175,435
297,193,125
298,189,382
62,464,158
9,281,474
366,389,144
84,274,368
401,277,381
83,159,353
79,140,485
403,465,442
465,240,192
2,47,299
169,469,321
290,471,326
291,145,5
162,460,115
447,247,375
282,276,443
428,224,403
30,263,132
406,39,44
374,157,96
474,124,336
44,114,98
387,194,51
314,227,268
454,189,269
14,428,333
348,33,81
155,372,169
6,196,118
31,264,41
304,428,266
349,373,311
264,373,38
456,369,363
44,135,256
74,42,372
81,257,84
402,226,390
374,360,81
343,282,458
252,217,461
313,8,370
237,465,84
173,68,485
422,444,185
71,196,94
152,405,373
15,440,16
271,209,465
71,353,225
40,92,73
463,372,15
135,406,419
124,362,40
313,84,93
122,425,423
455,302,313
370,384,38
85,476,199
137,265,187
84,157,428
148,219,325
160,231,320
218,127,226
398,9,165
405,434,29
389,477,97
132,390,446
235,216,195
370,323,284
354,423,132
135,29,352
442,85,103
148,209,286
487,201,188
304,32,73
418,373,341
56,82,426
452,69,204
266,345,46
355,228,440
383,28,489
124,414,233
442,368,127
348,181,357
103,211,142
242,171,400
217,72,31
205,247,186
224,21,467
271,344,255
76,231,20
465,249,13
184,258,284
324,123,452
496,209,333
368,117,360
236,376,22
395,427,367
307,259,295
342,469,226
371,231,308
208,326,354
251,242,208
59,455,349
473,386,94
292,104,55
355,460,407
302,492,229
77,344,134
97,44,249
189,90,57
494,400,265
151,491,457
346,151,129
159,328,476
177,344,89
2,20,386
395,457,115
238,34,427
404,13,430
158,376,182
246,188,449
56,147,241
296,293,203
181,159,253
33,396,233
378,309,139
430,144,165
104,202,401
156,402,447
146,436,294
2,218,195
230,24,333
214,40,418
388,337,470
247,80,152
482,358,35
40,213,370
128,19,359
75,196,248
6,488,355
146,170,296
74,188,273
27,37,91
231,300,397
305,258,131
47,449,201
208,41,321
91,273,95
67,163,107
196,213,91
148,403,423
394,145,469
362,322,461
226,240,90
410,389,127
177,92,340
13,106,456
305,124,461
164,11,426
106,205,205
80,312,263
190,441,472
461,481,372
9,403,475
386,106,100
84,122,47
66,223,210
320,42,466
30,154,38
498,317,436
257,423,36
47,481,280
403,191,372
15,287,234
485,284,102
394,15,17
34,468,288
182,249,27
168,46,123
384,53,218
354,340,459
333,150,51
333,166,177
304,202,262
242,313,311
18,146,363
370,489,336
51,48,18
114,100,260
206,454,173
122,461,339
34,468,343
309,375,496
290,323,289
340,255,482
418,16,439
272,116,209
379,116,189
316,420,422
414,309,469
192,107,493
430,382,263
195,299,87
233,26,162
324,170,77
310,423,489
94,153,130
161,365,45
165,203,137
463,315,174
403,480,444
16,86,409
293,254,296
151,468,115
487,41,126
213,394,318
267,254,139
214,182,119
77,117,132
451,98,139
451,331,39
443,158,169
441,159,242
143,139,188
277,10,239
455,464,133
30,228,369
236,252,388
430,473,449
71,132,398
5,28,484
329,183,441
328,138,249
310,487,3
149,421,94
262,433,496
410,411,277
168,103,97
305,426,400
472,9,216
278,400,40
202,480,481
182,91,63
39,239,256
482,282,369
403,330,455
22,332,452
397,171,17
398,459,121
493,327,275
326,96,405
1,132,33
117,258,169
165,406,376
423,148,349
254,276,90
437,273,102
464,490,3
164,420,313
15,117,111
202,102,211
355,330,249
141,270,285
237,366,306
19,276,232
222,415,185
492,317,240
272,197,342
480,40,473
485,476,61
57,202,387
130,72,68
249,464,323
183,322,197
288,127,230
185,56,382
332,499,311
289,491,56
414,328,327
348,73,331
128,217,473
104,425,330
390,408,256
230,153,374
130,467,427
468,276,370
329,480,103
307,60,494
437,196,79
417,477,60
169,143,465
135,89,431
56,207,156
386,386,246
428,294,391
89,19,316
16,462,176
40,150,265
332,203,135
410,366,453
323,323,159
437,294,371
316,202,359
496,122,60
333,294,224
427,127,126
261,280,115
462,345,475
24,302,318
161,216,328
100,260,397
85,173,0
436,469,367
217,484,37
88,163,425
464,337,154
377,423,224
52,193,311
155,356,309
157,282,264
141,28,32
407,427,211
99,309,138
393,306,213
246,167,71
378,171,393
378,9,437
374,165,167
441,127,132
419,137,387
400,19,313
412,415,444
485,396,403
40,441,171
349,48,481
98,270,263
399,486,464
222,226,255
326,310,303
427,294,236
423,455,201
499,385,277
2,281,348
213,267,132
148,350,343
32,65,444
177,63,124
61,336,404
98,85,157
489,232,63
302,303,425
421,204,276
16,399,315
417,150,213
226,78,452
148,182,275
426,355,373
89,215,255
31,223,36
220,297,459
212,7,295
464,366,106
421,145,379
62,314,332
440,457,184
78,369,427
116,483,76
435,108,438
431,252,464
119,240,429
443,57,430
342,235,232
238,293,0
39,62,294
185,422,399
191,214,419
65,204,393
327,247,471
396,62,112
360,173,260
214,439,426
130,295,342
436,257,265
115,378,170
216,339,14
291,341,126
187,58,355
95,299,108
435,347,69
229,96,66
480,486,162
322,22,379
302,342,71
53,299,179
242,269,421
245,394,444
336,184,251
90,449,492
12,444,252
168,193,210
404,384,487
494,464,351
327,464,172
257,308,491
121,469,428
209,366,151
61,275,474
57,83,72
191,311,78
289,390,177
222,225,63
453,222,267
52,486,10
149,152,253
394,71,281
398,149,254
319,119,251
338,477,57
73,324,130
44,487,361
133,314,88
488,346,300
223,229,162
298,130,361
55,140,311
322,36,129
188,415,451
415,319,420
471,337,351
434,418,363
371,14,93
32,381,37
416,363,272
16,42,155
131,457,476
191,105,150
286,295,189
329,250,105
298,361,14
133,349,61
30,344,368
427,383,359
427,493,351
88,158,60
220,65,13
48,324,34
37,441,455
447,116,475
361,39,180
58,152,171
385,106,131
482,476,12
417,349,253
135,139,428
365,273,8
465,417,220
178,89,370
397,303,233
286,234,324
334,193,273
11,437,393
364,256,127
260,110,8
196,83,48
145,415,261
436,490,167
478,10,495
312,418,280
15,182,442
378,114,474
489,140,214
267,344,232
382,221,172
411,180,280
250,168,120
33,73,199
450,305,320
457,311,423
231,149,401
41,384,307
48,491,139
485,252,4
75,194,72
389,384,381
330,376,69
354,197,174
178,444,100
449,300,435
417,386,342
185,66,135
365,108,297
217,432,238
383,116,185
414,251,296
187,291,52
196,172,147
256,186,100
382,321,411
441,449,465
429,115,478
115,127,219
10,50,316
32,454,94
448,446,351
166,104,494
309,75,289
323,139,108
393,195,233
183,346,123
2,116,55
330,494,298
393,8,84
430,331,143
329,193,207
98,57,70
286,277,407
100,290,283
177,277,190
435,410,115
42,110,339
134,62,434
499,173,210
264,155,246
36,72,484
191,406,489
218,90,106
124,61,445
256,99,38
5,187,283
123,90,216
443,324,470
192,176,131
378,142,246
183,109,273
412,433,198
184,196,128
375,44,219
32,460,162
411,317,13
362,116,2
286,163,297
356,185,482
312,205,95
207,229,352
328,252,27
314,345,177
318,32,112
487,121,378
31,336,220
72,315,349
86,369,92
364,376,0
226,265,490
125,158,231
472,261,431
443,377,370
336,382,480
229,102,477
63,1,268
447,17,341
115,118,177
498,9,238
365,260,434
247,5,448
353,286,372
306,405,487
430,285,235
42,189,4
73,105,417
140,465,442
346,144,432
382,204,376
219,114,467
180,348,253
327,20,234
463,423,385
162,184,297
371,114,462
309,269,364
134,455,323
60,470,60
362,31,161
120,76,272
234,302,127
1,3,214
95,295,482
284,248,423
398,311,452
89,25,336
267,59,349
96,126,312
122,57,307
159,211,390
304,38,93
130,197,216
33,494,312
235,184,51
388,344,105
268,161,32
324,286,71
23,255,153
253,120,250
187,479,205
64,39,205
115,244,304
416,170,118
473,246,221
320,373,404
432,353,168
132,355,181
204,413,348
130,486,57
278,403,497
121,257,188
266,196,261
245,435,406
90,284,310
92,351,98
481,125,376
310,178,299
322,211,409
216,445,291
287,433,149
36,484,426
281,54,177
492,486,72
383,43,197
109,88,251
392,307,367
395,67,316
280,137,489
355,218,317
51,318,52
65,44,494
23,446,360
476,441,265
409,328,73
193,339,291
336,308,396
431,60,261
461,42,96
326,173,395
421,32,337
23,496,285
157,228,38
40,480,440
462,363,269
417,424,217
163,276,197
412,278,288
174,240,8
250,498,198
396,123,276
412,472,202
104,429,3
358,225,237
201,440,312
46,32,300
464,282,133
117,205,438
120,21,83
388,353,390
252,394,51
70,195,202
435,254,8
273,90,141
401,332,68
370,451,379
113,436,205
130,250,307
294,421,489
355,471,76
475,419,336
120,2,428
352,426,43
313,428,409
354,37,109
50,149,295
498,453,112
201,348,430
242,252,89
160,133,460
172,189,176
105,496,474
457,2,353
83,171,365
163,386,451
460,389,35
267,172,182
451,224,120
452,26,368
257,206,336
400,228,328
135,64,488
281,139,321
315,365,478
96,56,315
159,317,396
234,218,363
231,359,363
47,460,29
49,48,494
493,262,358
253,430,201
252,188,210
167,164,195
32,190,421
220,54,308
64,157,127
205,100,196
244,124,376
14,419,272
307,14,437
351,311,490
127,44,475
125,470,490
88,367,47
349,327,303
13,489,460
334,328,233
398,29,423
299,231,353
475,79,281
367,252,493
367,92,238
75,346,123
240,344,199
223,329,489
462,451,483
78,449,195
353,125,215
429,362,266
284,270,120
289,393,48
32,286,142
293,359,372
265,334,213
298,166,433
458,158,97
401,234,496
235,293,439
339,40,460
318,279,271
432,91,139
152,0,297
289,312,433
382,129,19
341,429,23
410,467,31
257,132,189
432,53,426
107,201,404
116,265,135
228,84,95
438,56,113
213,293,94
117,178,363
454,396,438
404,374,253
481,6,142
160,243,334
207,130,493
131,91,340
334,80,227
275,308,103
465,409,157
334,394,45
447,139,188
485,487,129
181,421,22
241,297,25
470,135,73
463,224,85
293,11,37
43,363,424
282,473,366
240,417,361
371,488,341
13,375,226
238,217,24
48,498,48
269,202,152
237,87,325
480,368,386
311,367,2
213,363,257
401,203,448
181,426,319
411,330,470
3,58,149
8,17,372
14,493,27
120,404,374
449,253,339
47,109,164
413,65,211
80,182,242
303,340,49
109,280,192
426,69,451
26,409,434
313,452,229
434,190,38
425,347,247
77,320,423
435,47,213
22,210,423
385,188,255
394,465,350
344,448,319
422,264,125
354,383,233
459,124,490
367,240,137
432,218,438
0,318,488
419,60,68
431,224,357
287,318,18
21,356,94
304,432,389
201,143,392
78,168,3
342,234,274
472,338,445
388,253,273
138,63,301
142,50,485
40,142,16
253,441,69
4,339,10
378,410,99
414,423,108
265,331,235
193,254,331
405,413,451
52,254,190
257,229,462
333,372,253
76,353,444
307,373,34
201,259,127
410,398,351
319,61,350
347,44,307
141,324,270
273,130,372
428,367,322
262,458,177
324,36,76
97,439,151
456,145,46
288,243,40
218,1,139
476,307,266
480,496,456
273,29,117
221,438,10
259,445,1
57,33,381
137,446,377
489,377,140
263,60,487
169,385,214
126,169,387
494,198,428
144,314,18
186,113,425
432,285,408
259,469,6
174,132,321
473,215,246
170,439,418
377,402,433
263,75,46
131,488,1
398,67,380
357,388,25
33,200,104
216,266,364
154,75,181
495,78,285
186,16,110
282,211,388
267,152,88
204,430,79
84,54,246
57,31,138
174,26,340
472,380,271
363,395,65
202,387,156
254,366,122
365,112,350
205,469,308
65,79,194
477,163,479
235,10,295
470,300,493
388,295,299
210,339,161
385,442,264
271,74,179
369,316,182
481,229,86
289,371,56
477,21,412
468,381,199
182,432,448
344,133,269
26,47,40
299,303,481
132,70,200
201,74,30
14,202,488
400,100,262
210,298,409
252,255,43
105,126,434
357,153,198
117,123,97
279,264,76
34,165,476
446,229,165
424,196,127
278,454,127
468,262,303
11,15,220
217,378,496
313,370,161
461,53,313
4,267,244
377,457,448
154,113,153
251,419,243
199,104,266
114,325,374
268,88,417
23,389,322
293,498,226
378,288,168
346,222,258
25,232,26
98,239,483
280,407,446
465,233,192
499,301,489
212,34,363
172,22,322
207,4,66
219,299,278
247,159,165
268,406,423
232,297,240
367,202,437
319,45,217
433,326,327
252,279,387
123,382,194
398,447,153
456,424,334
182,442,333
257,265,14
344,297,161
177,494,2
348,143,43
422,210,354
101,180,411
370,89,154
390,140,68
66,11,288
175,260,353
394,383,311
423,365,336
11,126,37
365,270,153
6,146,63
4,6,446
386,101,265
20,211,180
497,128,359
191,336,90
109,475,474
276,367,135
484,242,364
31,43,340
278,456,231
375,481,15
4,132,454
231,278,126
58,101,293
295,379,63
139,203,193
1,446,265
471,152,312
402,61,8
438,288,39
70,441,212
119,87,131
404,231,464
493,68,239
92,56,40
173,223,14
484,328,197
319,425,423
163,484,204
434,429,58
259,327,230
289,363,419
425,229,109
202,338,347
299,85,44
93,28,446
493,228,494
353,245,51
208,173,328
73,119,247
323,299,376
44,465,63
141,247,39
177,488,33
235,424,113
365,388,290
358,56,3
422,61,157
371,179,27
115,290,154
333,495,441
197,228,50
199,466,190
8,447,319
147,410,271
67,467,339
49,130,462
73,25,371
486,396,465
235,141,4
194,160,300
324,138,148
309,55,12
491,130,414
12,314,329
432,132,21
377,307,420
329,497,36
72,108,219
442,150,360
226,200,435
262,290,12
428,112,107
437,303,129
165,321,18
452,427,300
459,309,6
268,314,159
290,162,312
145,420,415
154,432,395
324,418,429
1,468,358
105,133,475
36,8,163
100,93,276
420,45,463
127,28,75
29,212,102
109,237,273
491,34,458
193,395,207
139,421,222
327,141,7
415,381,261
334,180,204
10,174,45
307,110,253
390,380,395
116,256,303
498,44,275
76,396,121
319,373,274
49,269,339
403,178,422
424,356,340
215,81,187
190,188,326
93,312,411
299,475,247
212,204,256
271,204,481
270,158,378
55,58,341
202,278,170
130,41,395
298,409,26
375,278,128
368,199,144
39,49,408
157,282,123
74,83,446
445,120,111
442,449,347
116,210,29
409,448,359
364,210,150
190,499,330
194,160,282
165,210,68
226,250,353
151,124,371
490,440,48
275,435,339
239,495,355
172,334,328
119,381,100
58,333,246
88,329,31
298,305,364
20,275,391
494,284,227
56,14,402
421,495,64
266,71,296
203,149,478
152,294,338
336,309,381
267,139,175
29,417,426
378,364,81
69,232,80
409,78,234
76,158,458
499,180,108
108,181,205
263,40,457
4,149,185
357,357,235
5,129,202
221,364,132
362,50,457
229,184,111
396,94,75
20,227,316
131,353,100
141,443,376
84,204,350
297,174,259
318,70,61
142,244,125
472,231,357
147,164,106
117,476,386
221,357,125
259,426,44
418,17,177
48,390,363
80,212,116
364,464,202
132,342,14
210,123,287
196,389,236
302,471,136
111,230,322
2,440,203
109,373,166
442,348,45
486,135,410
442,108,496
450,311,328
349,317,313
22,307,14
419,44,106
412,241,269
337,126,352
75,270,33
304,77,454
62,401,475
100,370,139
144,488,260
196,395,438
115,37,406
169,218,302
215,396,225
292,252,180
224,137,415
85,70,130
299,87,332
440,182,202
65,305,412
81,227,38
273,100,44
142,39,449
451,206,483
101,393,153
141,189,96
316,415,35
292,174,256
360,81,274
151,351,301
42,88,384
78,476,425
232,60,43
293,168,57
199,430,301
314,355,45
194,415,185
389,469,434
178,160,429
146,39,246
434,23,434
152,339,238
406,424,473
102,270,336
480,309,146
137,335,66
107,55,333
345,489,390
191,6,128
228,150,10
280,42,437
314,383,377
344,330,456
458,499,167
329,345,198
450,386,339
79,466,41
195,260,324
491,277,355
194,161,391
103,233,212
131,476,188
443,105,21
282,407,474
444,296,245
215,315,29
391,397,491
186,325,425
185,274,183
308,260,123
409,324,219
80,376,439
316,56,295
410,464,227
345,377,5
171,322,206
1,453,426
111,20,395
275,322,474
7,270,384
492,374,63
453,372,78
427,412,320
77,159,447
19,444,233
26,136,285
111,86,114
334,146,344
393,315,402
388,173,354
471,420,455
329,481,345
341,428,445
375,437,453
135,372,192
250,420,87
437,122,165
355,172,445
167,165,195
455,427,469
204,151,178
61,130,161
317,269,410
489,346,403
243,386,102
457,406,152
360,66,160
442,400,265
289,129,293
218,57,106
134,495,41
327,207,179
445,418,184
491,435,285
422,177,389
177,26,194
120,134,304
315,15,289
428,33,71
307,85,38
61,366,282
412,130,309
255,97,363
63,154,389